2019/04/18-16:32:33.011937 1209565c0 RocksDB version: 5.14.3
2019/04/18-16:32:33.012869 1209565c0 Git sha rocksdb_build_git_sha:@0@
2019/04/18-16:32:33.012874 1209565c0 Compile date Apr  4 2019
2019/04/18-16:32:33.012879 1209565c0 DB SUMMARY
2019/04/18-16:32:33.013015 1209565c0 CURRENT file:  CURRENT
2019/04/18-16:32:33.013018 1209565c0 IDENTITY file:  IDENTITY
2019/04/18-16:32:33.013027 1209565c0 MANIFEST file:  MANIFEST-000185 size: 1950 Bytes
2019/04/18-16:32:33.013032 1209565c0 SST files in ./storage/db dir, Total Num: 5, files: 000109.sst 000110.sst 000111.sst 000112.sst 000190.sst 
2019/04/18-16:32:33.013034 1209565c0 Write Ahead Log file in ./storage/db: 000187.log size: 20075 ; 
2019/04/18-16:32:33.013037 1209565c0                         Options.error_if_exists: 0
2019/04/18-16:32:33.013041 1209565c0                       Options.create_if_missing: 1
2019/04/18-16:32:33.013042 1209565c0                         Options.paranoid_checks: 1
2019/04/18-16:32:33.013043 1209565c0                                     Options.env: 0x111754680
2019/04/18-16:32:33.013044 1209565c0                                Options.info_log: 0x7fd711c34250
2019/04/18-16:32:33.013045 1209565c0                Options.max_file_opening_threads: 16
2019/04/18-16:32:33.013046 1209565c0                              Options.statistics: 0x0
2019/04/18-16:32:33.013047 1209565c0                               Options.use_fsync: 0
2019/04/18-16:32:33.013048 1209565c0                       Options.max_log_file_size: 0
2019/04/18-16:32:33.013049 1209565c0                  Options.max_manifest_file_size: 18446744073709551615
2019/04/18-16:32:33.013050 1209565c0                   Options.log_file_time_to_roll: 0
2019/04/18-16:32:33.013051 1209565c0                       Options.keep_log_file_num: 1
2019/04/18-16:32:33.013052 1209565c0                    Options.recycle_log_file_num: 0
2019/04/18-16:32:33.013053 1209565c0                         Options.allow_fallocate: 1
2019/04/18-16:32:33.013054 1209565c0                        Options.allow_mmap_reads: 0
2019/04/18-16:32:33.013055 1209565c0                       Options.allow_mmap_writes: 0
2019/04/18-16:32:33.013056 1209565c0                        Options.use_direct_reads: 0
2019/04/18-16:32:33.013057 1209565c0                        Options.use_direct_io_for_flush_and_compaction: 0
2019/04/18-16:32:33.013058 1209565c0          Options.create_missing_column_families: 0
2019/04/18-16:32:33.013059 1209565c0                              Options.db_log_dir: 
2019/04/18-16:32:33.013060 1209565c0                                 Options.wal_dir: ./storage/db
2019/04/18-16:32:33.013061 1209565c0                Options.table_cache_numshardbits: 6
2019/04/18-16:32:33.013061 1209565c0                      Options.max_subcompactions: 1
2019/04/18-16:32:33.013062 1209565c0                  Options.max_background_flushes: -1
2019/04/18-16:32:33.013063 1209565c0                         Options.WAL_ttl_seconds: 0
2019/04/18-16:32:33.013064 1209565c0                       Options.WAL_size_limit_MB: 0
2019/04/18-16:32:33.013065 1209565c0             Options.manifest_preallocation_size: 4194304
2019/04/18-16:32:33.013066 1209565c0                     Options.is_fd_close_on_exec: 1
2019/04/18-16:32:33.013067 1209565c0                   Options.advise_random_on_open: 1
2019/04/18-16:32:33.013068 1209565c0                    Options.db_write_buffer_size: 4793490
2019/04/18-16:32:33.013069 1209565c0                    Options.write_buffer_manager: 0x7fd711c31860
2019/04/18-16:32:33.013070 1209565c0         Options.access_hint_on_compaction_start: 1
2019/04/18-16:32:33.013071 1209565c0  Options.new_table_reader_for_compaction_inputs: 0
2019/04/18-16:32:33.013072 1209565c0           Options.random_access_max_buffer_size: 1048576
2019/04/18-16:32:33.013073 1209565c0                      Options.use_adaptive_mutex: 0
2019/04/18-16:32:33.013074 1209565c0                            Options.rate_limiter: 0x0
2019/04/18-16:32:33.013075 1209565c0     Options.sst_file_manager.rate_bytes_per_sec: 0
2019/04/18-16:32:33.013076 1209565c0                       Options.wal_recovery_mode: 2
2019/04/18-16:32:33.013077 1209565c0                  Options.enable_thread_tracking: 0
2019/04/18-16:32:33.013106 1209565c0                  Options.enable_pipelined_write: 0
2019/04/18-16:32:33.013108 1209565c0         Options.allow_concurrent_memtable_write: 1
2019/04/18-16:32:33.013109 1209565c0      Options.enable_write_thread_adaptive_yield: 1
2019/04/18-16:32:33.013110 1209565c0             Options.write_thread_max_yield_usec: 100
2019/04/18-16:32:33.013111 1209565c0            Options.write_thread_slow_yield_usec: 3
2019/04/18-16:32:33.013112 1209565c0                               Options.row_cache: None
2019/04/18-16:32:33.013113 1209565c0                              Options.wal_filter: None
2019/04/18-16:32:33.013114 1209565c0             Options.avoid_flush_during_recovery: 0
2019/04/18-16:32:33.013115 1209565c0             Options.allow_ingest_behind: 0
2019/04/18-16:32:33.013116 1209565c0             Options.preserve_deletes: 0
2019/04/18-16:32:33.013117 1209565c0             Options.two_write_queues: 0
2019/04/18-16:32:33.013118 1209565c0             Options.manual_wal_flush: 0
2019/04/18-16:32:33.013119 1209565c0             Options.max_background_jobs: 2
2019/04/18-16:32:33.013120 1209565c0             Options.max_background_compactions: -1
2019/04/18-16:32:33.013121 1209565c0             Options.avoid_flush_during_shutdown: 0
2019/04/18-16:32:33.013121 1209565c0           Options.writable_file_max_buffer_size: 1048576
2019/04/18-16:32:33.013122 1209565c0             Options.delayed_write_rate : 16777216
2019/04/18-16:32:33.013123 1209565c0             Options.max_total_wal_size: 0
2019/04/18-16:32:33.013124 1209565c0             Options.delete_obsolete_files_period_micros: 21600000000
2019/04/18-16:32:33.013125 1209565c0                   Options.stats_dump_period_sec: 600
2019/04/18-16:32:33.013126 1209565c0                          Options.max_open_files: 512
2019/04/18-16:32:33.013127 1209565c0                          Options.bytes_per_sync: 1048576
2019/04/18-16:32:33.013129 1209565c0                      Options.wal_bytes_per_sync: 0
2019/04/18-16:32:33.013129 1209565c0       Options.compaction_readahead_size: 0
2019/04/18-16:32:33.013130 1209565c0 Compression algorithms supported:
2019/04/18-16:32:33.013132 1209565c0 	kZSTD supported: 0
2019/04/18-16:32:33.013134 1209565c0 	kZlibCompression supported: 0
2019/04/18-16:32:33.013135 1209565c0 	kXpressCompression supported: 0
2019/04/18-16:32:33.013137 1209565c0 	kSnappyCompression supported: 1
2019/04/18-16:32:33.013138 1209565c0 	kZSTDNotFinalCompression supported: 0
2019/04/18-16:32:33.013139 1209565c0 	kLZ4HCCompression supported: 0
2019/04/18-16:32:33.013140 1209565c0 	kLZ4Compression supported: 0
2019/04/18-16:32:33.013141 1209565c0 	kBZip2Compression supported: 0
2019/04/18-16:32:33.013147 1209565c0 Fast CRC32 supported: Not supported on x86
2019/04/18-16:32:33.013716 1209565c0 [/Users/luozhiwei/.cargo/registry/src/github.com-1ecc6299db9ec823/parity-rocksdb-sys-0.5.5/rocksdb/db/version_set.cc:3085] Recovering from manifest file: MANIFEST-000185
2019/04/18-16:32:33.013843 1209565c0 [/Users/luozhiwei/.cargo/registry/src/github.com-1ecc6299db9ec823/parity-rocksdb-sys-0.5.5/rocksdb/db/column_family.cc:475] --------------- Options for column family [default]:
2019/04/18-16:32:33.013849 1209565c0               Options.comparator: leveldb.BytewiseComparator
2019/04/18-16:32:33.013851 1209565c0           Options.merge_operator: None
2019/04/18-16:32:33.013852 1209565c0        Options.compaction_filter: None
2019/04/18-16:32:33.013853 1209565c0        Options.compaction_filter_factory: None
2019/04/18-16:32:33.013854 1209565c0         Options.memtable_factory: SkipListFactory
2019/04/18-16:32:33.013856 1209565c0            Options.table_factory: BlockBasedTable
2019/04/18-16:32:33.013882 1209565c0            table_factory options:   flush_block_policy_factory: FlushBlockBySizePolicyFactory (0x7fd711d20100)
  cache_index_and_filter_blocks: 0
  cache_index_and_filter_blocks_with_high_priority: 0
  pin_l0_filter_and_index_blocks_in_cache: 0
  index_type: 0
  hash_index_allow_collision: 1
  checksum: 1
  no_block_cache: 0
  block_cache: 0x7fd711d31d18
  block_cache_name: LRUCache
  block_cache_options:
    capacity : 8388608
    num_shard_bits : 4
    strict_capacity_limit : 0
    high_pri_pool_ratio: 0.000
  block_cache_compressed: 0x0
  persistent_cache: 0x0
  block_size: 4096
  block_size_deviation: 10
  block_restart_interval: 16
  index_block_restart_interval: 1
  metadata_block_size: 4096
  partition_filters: 0
  use_delta_encoding: 1
  filter_policy: nullptr
  whole_key_filtering: 1
  verify_compression: 0
  read_amp_bytes_per_bit: 0
  format_version: 2
  enable_index_compression: 1
  block_align: 0
2019/04/18-16:32:33.013918 1209565c0        Options.write_buffer_size: 67108864
2019/04/18-16:32:33.013920 1209565c0  Options.max_write_buffer_number: 2
2019/04/18-16:32:33.013922 1209565c0          Options.compression: Snappy
2019/04/18-16:32:33.013923 1209565c0                  Options.bottommost_compression: Disabled
2019/04/18-16:32:33.013924 1209565c0       Options.prefix_extractor: nullptr
2019/04/18-16:32:33.013925 1209565c0   Options.memtable_insert_with_hint_prefix_extractor: nullptr
2019/04/18-16:32:33.013926 1209565c0             Options.num_levels: 7
2019/04/18-16:32:33.013927 1209565c0        Options.min_write_buffer_number_to_merge: 1
2019/04/18-16:32:33.013928 1209565c0     Options.max_write_buffer_number_to_maintain: 0
2019/04/18-16:32:33.013929 1209565c0            Options.compression_opts.window_bits: -14
2019/04/18-16:32:33.013930 1209565c0                  Options.compression_opts.level: -1
2019/04/18-16:32:33.013931 1209565c0               Options.compression_opts.strategy: 0
2019/04/18-16:32:33.013932 1209565c0         Options.compression_opts.max_dict_bytes: 0
2019/04/18-16:32:33.013933 1209565c0         Options.compression_opts.zstd_max_train_bytes: 0
2019/04/18-16:32:33.013934 1209565c0      Options.level0_file_num_compaction_trigger: 4
2019/04/18-16:32:33.013935 1209565c0          Options.level0_slowdown_writes_trigger: 20
2019/04/18-16:32:33.013936 1209565c0              Options.level0_stop_writes_trigger: 36
2019/04/18-16:32:33.013937 1209565c0                   Options.target_file_size_base: 67108864
2019/04/18-16:32:33.013938 1209565c0             Options.target_file_size_multiplier: 1
2019/04/18-16:32:33.013939 1209565c0                Options.max_bytes_for_level_base: 268435456
2019/04/18-16:32:33.013940 1209565c0 Options.level_compaction_dynamic_level_bytes: 0
2019/04/18-16:32:33.013941 1209565c0          Options.max_bytes_for_level_multiplier: 10.000000
2019/04/18-16:32:33.013943 1209565c0 Options.max_bytes_for_level_multiplier_addtl[0]: 1
2019/04/18-16:32:33.013944 1209565c0 Options.max_bytes_for_level_multiplier_addtl[1]: 1
2019/04/18-16:32:33.013945 1209565c0 Options.max_bytes_for_level_multiplier_addtl[2]: 1
2019/04/18-16:32:33.013946 1209565c0 Options.max_bytes_for_level_multiplier_addtl[3]: 1
2019/04/18-16:32:33.013947 1209565c0 Options.max_bytes_for_level_multiplier_addtl[4]: 1
2019/04/18-16:32:33.013948 1209565c0 Options.max_bytes_for_level_multiplier_addtl[5]: 1
2019/04/18-16:32:33.013949 1209565c0 Options.max_bytes_for_level_multiplier_addtl[6]: 1
2019/04/18-16:32:33.013950 1209565c0       Options.max_sequential_skip_in_iterations: 8
2019/04/18-16:32:33.013951 1209565c0                    Options.max_compaction_bytes: 1677721600
2019/04/18-16:32:33.013952 1209565c0                        Options.arena_block_size: 8388608
2019/04/18-16:32:33.013953 1209565c0   Options.soft_pending_compaction_bytes_limit: 68719476736
2019/04/18-16:32:33.013954 1209565c0   Options.hard_pending_compaction_bytes_limit: 274877906944
2019/04/18-16:32:33.013955 1209565c0       Options.rate_limit_delay_max_milliseconds: 100
2019/04/18-16:32:33.013956 1209565c0                Options.disable_auto_compactions: 0
2019/04/18-16:32:33.013961 1209565c0                        Options.compaction_style: kCompactionStyleLevel
2019/04/18-16:32:33.013963 1209565c0                          Options.compaction_pri: kByCompensatedSize
2019/04/18-16:32:33.013964 1209565c0 Options.compaction_options_universal.size_ratio: 1
2019/04/18-16:32:33.013981 1209565c0 Options.compaction_options_universal.min_merge_width: 2
2019/04/18-16:32:33.013983 1209565c0 Options.compaction_options_universal.max_merge_width: 4294967295
2019/04/18-16:32:33.013984 1209565c0 Options.compaction_options_universal.max_size_amplification_percent: 200
2019/04/18-16:32:33.013985 1209565c0 Options.compaction_options_universal.compression_size_percent: -1
2019/04/18-16:32:33.013987 1209565c0 Options.compaction_options_universal.stop_style: kCompactionStopStyleTotalSize
2019/04/18-16:32:33.013988 1209565c0 Options.compaction_options_fifo.max_table_files_size: 1073741824
2019/04/18-16:32:33.013989 1209565c0 Options.compaction_options_fifo.allow_compaction: 0
2019/04/18-16:32:33.013990 1209565c0 Options.compaction_options_fifo.ttl: 0
2019/04/18-16:32:33.013994 1209565c0                   Options.table_properties_collectors: 
2019/04/18-16:32:33.013995 1209565c0                   Options.inplace_update_support: 0
2019/04/18-16:32:33.013996 1209565c0                 Options.inplace_update_num_locks: 10000
2019/04/18-16:32:33.013997 1209565c0               Options.memtable_prefix_bloom_size_ratio: 0.000000
2019/04/18-16:32:33.013998 1209565c0   Options.memtable_huge_page_size: 0
2019/04/18-16:32:33.013999 1209565c0                           Options.bloom_locality: 0
2019/04/18-16:32:33.014000 1209565c0                    Options.max_successive_merges: 0
2019/04/18-16:32:33.014001 1209565c0                Options.optimize_filters_for_hits: 0
2019/04/18-16:32:33.014002 1209565c0                Options.paranoid_file_checks: 0
2019/04/18-16:32:33.014003 1209565c0                Options.force_consistency_checks: 0
2019/04/18-16:32:33.014004 1209565c0                Options.report_bg_io_stats: 0
2019/04/18-16:32:33.014005 1209565c0                               Options.ttl: 0
2019/04/18-16:32:33.014506 1209565c0 [/Users/luozhiwei/.cargo/registry/src/github.com-1ecc6299db9ec823/parity-rocksdb-sys-0.5.5/rocksdb/db/column_family.cc:475] --------------- Options for column family [col0]:
2019/04/18-16:32:33.014514 1209565c0               Options.comparator: leveldb.BytewiseComparator
2019/04/18-16:32:33.014516 1209565c0           Options.merge_operator: None
2019/04/18-16:32:33.014517 1209565c0        Options.compaction_filter: None
2019/04/18-16:32:33.014518 1209565c0        Options.compaction_filter_factory: None
2019/04/18-16:32:33.014519 1209565c0         Options.memtable_factory: SkipListFactory
2019/04/18-16:32:33.014520 1209565c0            Options.table_factory: BlockBasedTable
2019/04/18-16:32:33.014539 1209565c0            table_factory options:   flush_block_policy_factory: FlushBlockBySizePolicyFactory (0x7fd711c2f6c0)
  cache_index_and_filter_blocks: 1
  cache_index_and_filter_blocks_with_high_priority: 0
  pin_l0_filter_and_index_blocks_in_cache: 1
  index_type: 0
  hash_index_allow_collision: 1
  checksum: 1
  no_block_cache: 0
  block_cache: 0x7fd711e356d8
  block_cache_name: LRUCache
  block_cache_options:
    capacity : 44739242
    num_shard_bits : 6
    strict_capacity_limit : 0
    high_pri_pool_ratio: 0.000
  block_cache_compressed: 0x0
  persistent_cache: 0x0
  block_size: 16384
  block_size_deviation: 10
  block_restart_interval: 16
  index_block_restart_interval: 1
  metadata_block_size: 4096
  partition_filters: 0
  use_delta_encoding: 1
  filter_policy: nullptr
  whole_key_filtering: 1
  verify_compression: 0
  read_amp_bytes_per_bit: 0
  format_version: 2
  enable_index_compression: 1
  block_align: 0
2019/04/18-16:32:33.014544 1209565c0        Options.write_buffer_size: 2396745
2019/04/18-16:32:33.014545 1209565c0  Options.max_write_buffer_number: 6
2019/04/18-16:32:33.014547 1209565c0          Options.compression: Snappy
2019/04/18-16:32:33.014548 1209565c0                  Options.bottommost_compression: Disabled
2019/04/18-16:32:33.014549 1209565c0       Options.prefix_extractor: nullptr
2019/04/18-16:32:33.014550 1209565c0   Options.memtable_insert_with_hint_prefix_extractor: nullptr
2019/04/18-16:32:33.014552 1209565c0             Options.num_levels: 7
2019/04/18-16:32:33.014590 1209565c0        Options.min_write_buffer_number_to_merge: 2
2019/04/18-16:32:33.014592 1209565c0     Options.max_write_buffer_number_to_maintain: 0
2019/04/18-16:32:33.014593 1209565c0            Options.compression_opts.window_bits: -14
2019/04/18-16:32:33.014594 1209565c0                  Options.compression_opts.level: -1
2019/04/18-16:32:33.014595 1209565c0               Options.compression_opts.strategy: 0
2019/04/18-16:32:33.014596 1209565c0         Options.compression_opts.max_dict_bytes: 0
2019/04/18-16:32:33.014597 1209565c0         Options.compression_opts.zstd_max_train_bytes: 0
2019/04/18-16:32:33.014598 1209565c0      Options.level0_file_num_compaction_trigger: 2
2019/04/18-16:32:33.014599 1209565c0          Options.level0_slowdown_writes_trigger: 20
2019/04/18-16:32:33.014600 1209565c0              Options.level0_stop_writes_trigger: 36
2019/04/18-16:32:33.014601 1209565c0                   Options.target_file_size_base: 67108864
2019/04/18-16:32:33.014602 1209565c0             Options.target_file_size_multiplier: 1
2019/04/18-16:32:33.014603 1209565c0                Options.max_bytes_for_level_base: 9586980
2019/04/18-16:32:33.014604 1209565c0 Options.level_compaction_dynamic_level_bytes: 1
2019/04/18-16:32:33.014605 1209565c0          Options.max_bytes_for_level_multiplier: 10.000000
2019/04/18-16:32:33.014607 1209565c0 Options.max_bytes_for_level_multiplier_addtl[0]: 1
2019/04/18-16:32:33.014608 1209565c0 Options.max_bytes_for_level_multiplier_addtl[1]: 1
2019/04/18-16:32:33.014609 1209565c0 Options.max_bytes_for_level_multiplier_addtl[2]: 1
2019/04/18-16:32:33.014610 1209565c0 Options.max_bytes_for_level_multiplier_addtl[3]: 1
2019/04/18-16:32:33.014611 1209565c0 Options.max_bytes_for_level_multiplier_addtl[4]: 1
2019/04/18-16:32:33.014612 1209565c0 Options.max_bytes_for_level_multiplier_addtl[5]: 1
2019/04/18-16:32:33.014613 1209565c0 Options.max_bytes_for_level_multiplier_addtl[6]: 1
2019/04/18-16:32:33.014614 1209565c0       Options.max_sequential_skip_in_iterations: 8
2019/04/18-16:32:33.014614 1209565c0                    Options.max_compaction_bytes: 1677721600
2019/04/18-16:32:33.014615 1209565c0                        Options.arena_block_size: 303104
2019/04/18-16:32:33.014616 1209565c0   Options.soft_pending_compaction_bytes_limit: 68719476736
2019/04/18-16:32:33.014617 1209565c0   Options.hard_pending_compaction_bytes_limit: 274877906944
2019/04/18-16:32:33.014618 1209565c0       Options.rate_limit_delay_max_milliseconds: 100
2019/04/18-16:32:33.014619 1209565c0                Options.disable_auto_compactions: 0
2019/04/18-16:32:33.014622 1209565c0                        Options.compaction_style: kCompactionStyleLevel
2019/04/18-16:32:33.014623 1209565c0                          Options.compaction_pri: kByCompensatedSize
2019/04/18-16:32:33.014624 1209565c0 Options.compaction_options_universal.size_ratio: 1
2019/04/18-16:32:33.014625 1209565c0 Options.compaction_options_universal.min_merge_width: 2
2019/04/18-16:32:33.014626 1209565c0 Options.compaction_options_universal.max_merge_width: 4294967295
2019/04/18-16:32:33.014627 1209565c0 Options.compaction_options_universal.max_size_amplification_percent: 200
2019/04/18-16:32:33.014628 1209565c0 Options.compaction_options_universal.compression_size_percent: -1
2019/04/18-16:32:33.014631 1209565c0 Options.compaction_options_universal.stop_style: kCompactionStopStyleTotalSize
2019/04/18-16:32:33.014632 1209565c0 Options.compaction_options_fifo.max_table_files_size: 1073741824
2019/04/18-16:32:33.014633 1209565c0 Options.compaction_options_fifo.allow_compaction: 0
2019/04/18-16:32:33.014634 1209565c0 Options.compaction_options_fifo.ttl: 0
2019/04/18-16:32:33.014635 1209565c0                   Options.table_properties_collectors: 
2019/04/18-16:32:33.014636 1209565c0                   Options.inplace_update_support: 0
2019/04/18-16:32:33.014637 1209565c0                 Options.inplace_update_num_locks: 10000
2019/04/18-16:32:33.014638 1209565c0               Options.memtable_prefix_bloom_size_ratio: 0.000000
2019/04/18-16:32:33.014661 1209565c0   Options.memtable_huge_page_size: 0
2019/04/18-16:32:33.014663 1209565c0                           Options.bloom_locality: 0
2019/04/18-16:32:33.014664 1209565c0                    Options.max_successive_merges: 0
2019/04/18-16:32:33.014665 1209565c0                Options.optimize_filters_for_hits: 0
2019/04/18-16:32:33.014666 1209565c0                Options.paranoid_file_checks: 0
2019/04/18-16:32:33.014667 1209565c0                Options.force_consistency_checks: 0
2019/04/18-16:32:33.014668 1209565c0                Options.report_bg_io_stats: 0
2019/04/18-16:32:33.014669 1209565c0                               Options.ttl: 0
2019/04/18-16:32:33.014858 1209565c0 [/Users/luozhiwei/.cargo/registry/src/github.com-1ecc6299db9ec823/parity-rocksdb-sys-0.5.5/rocksdb/db/column_family.cc:475] --------------- Options for column family [col1]:
2019/04/18-16:32:33.014896 1209565c0               Options.comparator: leveldb.BytewiseComparator
2019/04/18-16:32:33.014898 1209565c0           Options.merge_operator: None
2019/04/18-16:32:33.014900 1209565c0        Options.compaction_filter: None
2019/04/18-16:32:33.014901 1209565c0        Options.compaction_filter_factory: None
2019/04/18-16:32:33.014903 1209565c0         Options.memtable_factory: SkipListFactory
2019/04/18-16:32:33.014906 1209565c0            Options.table_factory: BlockBasedTable
2019/04/18-16:32:33.014945 1209565c0            table_factory options:   flush_block_policy_factory: FlushBlockBySizePolicyFactory (0x7fd711c303b0)
  cache_index_and_filter_blocks: 1
  cache_index_and_filter_blocks_with_high_priority: 0
  pin_l0_filter_and_index_blocks_in_cache: 1
  index_type: 0
  hash_index_allow_collision: 1
  checksum: 1
  no_block_cache: 0
  block_cache: 0x7fd711e356d8
  block_cache_name: LRUCache
  block_cache_options:
    capacity : 44739242
    num_shard_bits : 6
    strict_capacity_limit : 0
    high_pri_pool_ratio: 0.000
  block_cache_compressed: 0x0
  persistent_cache: 0x0
  block_size: 16384
  block_size_deviation: 10
  block_restart_interval: 16
  index_block_restart_interval: 1
  metadata_block_size: 4096
  partition_filters: 0
  use_delta_encoding: 1
  filter_policy: nullptr
  whole_key_filtering: 1
  verify_compression: 0
  read_amp_bytes_per_bit: 0
  format_version: 2
  enable_index_compression: 1
  block_align: 0
2019/04/18-16:32:33.014952 1209565c0        Options.write_buffer_size: 2396745
2019/04/18-16:32:33.014955 1209565c0  Options.max_write_buffer_number: 6
2019/04/18-16:32:33.014956 1209565c0          Options.compression: Snappy
2019/04/18-16:32:33.014958 1209565c0                  Options.bottommost_compression: Disabled
2019/04/18-16:32:33.014959 1209565c0       Options.prefix_extractor: nullptr
2019/04/18-16:32:33.014960 1209565c0   Options.memtable_insert_with_hint_prefix_extractor: nullptr
2019/04/18-16:32:33.014961 1209565c0             Options.num_levels: 7
2019/04/18-16:32:33.014962 1209565c0        Options.min_write_buffer_number_to_merge: 2
2019/04/18-16:32:33.014963 1209565c0     Options.max_write_buffer_number_to_maintain: 0
2019/04/18-16:32:33.014964 1209565c0            Options.compression_opts.window_bits: -14
2019/04/18-16:32:33.014966 1209565c0                  Options.compression_opts.level: -1
2019/04/18-16:32:33.014966 1209565c0               Options.compression_opts.strategy: 0
2019/04/18-16:32:33.014967 1209565c0         Options.compression_opts.max_dict_bytes: 0
2019/04/18-16:32:33.014968 1209565c0         Options.compression_opts.zstd_max_train_bytes: 0
2019/04/18-16:32:33.014969 1209565c0      Options.level0_file_num_compaction_trigger: 2
2019/04/18-16:32:33.014971 1209565c0          Options.level0_slowdown_writes_trigger: 20
2019/04/18-16:32:33.014973 1209565c0              Options.level0_stop_writes_trigger: 36
2019/04/18-16:32:33.014975 1209565c0                   Options.target_file_size_base: 67108864
2019/04/18-16:32:33.014977 1209565c0             Options.target_file_size_multiplier: 1
2019/04/18-16:32:33.014978 1209565c0                Options.max_bytes_for_level_base: 9586980
2019/04/18-16:32:33.015027 1209565c0 Options.level_compaction_dynamic_level_bytes: 1
2019/04/18-16:32:33.015031 1209565c0          Options.max_bytes_for_level_multiplier: 10.000000
2019/04/18-16:32:33.015034 1209565c0 Options.max_bytes_for_level_multiplier_addtl[0]: 1
2019/04/18-16:32:33.015036 1209565c0 Options.max_bytes_for_level_multiplier_addtl[1]: 1
2019/04/18-16:32:33.015038 1209565c0 Options.max_bytes_for_level_multiplier_addtl[2]: 1
2019/04/18-16:32:33.015040 1209565c0 Options.max_bytes_for_level_multiplier_addtl[3]: 1
2019/04/18-16:32:33.015042 1209565c0 Options.max_bytes_for_level_multiplier_addtl[4]: 1
2019/04/18-16:32:33.015043 1209565c0 Options.max_bytes_for_level_multiplier_addtl[5]: 1
2019/04/18-16:32:33.015045 1209565c0 Options.max_bytes_for_level_multiplier_addtl[6]: 1
2019/04/18-16:32:33.015047 1209565c0       Options.max_sequential_skip_in_iterations: 8
2019/04/18-16:32:33.015048 1209565c0                    Options.max_compaction_bytes: 1677721600
2019/04/18-16:32:33.015049 1209565c0                        Options.arena_block_size: 303104
2019/04/18-16:32:33.015051 1209565c0   Options.soft_pending_compaction_bytes_limit: 68719476736
2019/04/18-16:32:33.015053 1209565c0   Options.hard_pending_compaction_bytes_limit: 274877906944
2019/04/18-16:32:33.015055 1209565c0       Options.rate_limit_delay_max_milliseconds: 100
2019/04/18-16:32:33.015057 1209565c0                Options.disable_auto_compactions: 0
2019/04/18-16:32:33.015060 1209565c0                        Options.compaction_style: kCompactionStyleLevel
2019/04/18-16:32:33.015064 1209565c0                          Options.compaction_pri: kByCompensatedSize
2019/04/18-16:32:33.015066 1209565c0 Options.compaction_options_universal.size_ratio: 1
2019/04/18-16:32:33.015068 1209565c0 Options.compaction_options_universal.min_merge_width: 2
2019/04/18-16:32:33.015069 1209565c0 Options.compaction_options_universal.max_merge_width: 4294967295
2019/04/18-16:32:33.015070 1209565c0 Options.compaction_options_universal.max_size_amplification_percent: 200
2019/04/18-16:32:33.015071 1209565c0 Options.compaction_options_universal.compression_size_percent: -1
2019/04/18-16:32:33.015074 1209565c0 Options.compaction_options_universal.stop_style: kCompactionStopStyleTotalSize
2019/04/18-16:32:33.015076 1209565c0 Options.compaction_options_fifo.max_table_files_size: 1073741824
2019/04/18-16:32:33.015078 1209565c0 Options.compaction_options_fifo.allow_compaction: 0
2019/04/18-16:32:33.015080 1209565c0 Options.compaction_options_fifo.ttl: 0
2019/04/18-16:32:33.015082 1209565c0                   Options.table_properties_collectors: 
2019/04/18-16:32:33.015084 1209565c0                   Options.inplace_update_support: 0
2019/04/18-16:32:33.015086 1209565c0                 Options.inplace_update_num_locks: 10000
2019/04/18-16:32:33.015088 1209565c0               Options.memtable_prefix_bloom_size_ratio: 0.000000
2019/04/18-16:32:33.015090 1209565c0   Options.memtable_huge_page_size: 0
2019/04/18-16:32:33.015092 1209565c0                           Options.bloom_locality: 0
2019/04/18-16:32:33.015093 1209565c0                    Options.max_successive_merges: 0
2019/04/18-16:32:33.015095 1209565c0                Options.optimize_filters_for_hits: 0
2019/04/18-16:32:33.015097 1209565c0                Options.paranoid_file_checks: 0
2019/04/18-16:32:33.015099 1209565c0                Options.force_consistency_checks: 0
2019/04/18-16:32:33.015102 1209565c0                Options.report_bg_io_stats: 0
2019/04/18-16:32:33.015104 1209565c0                               Options.ttl: 0
2019/04/18-16:32:33.015297 1209565c0 [/Users/luozhiwei/.cargo/registry/src/github.com-1ecc6299db9ec823/parity-rocksdb-sys-0.5.5/rocksdb/db/column_family.cc:475] --------------- Options for column family [col2]:
2019/04/18-16:32:33.015304 1209565c0               Options.comparator: leveldb.BytewiseComparator
2019/04/18-16:32:33.015305 1209565c0           Options.merge_operator: None
2019/04/18-16:32:33.015306 1209565c0        Options.compaction_filter: None
2019/04/18-16:32:33.015307 1209565c0        Options.compaction_filter_factory: None
2019/04/18-16:32:33.015341 1209565c0         Options.memtable_factory: SkipListFactory
2019/04/18-16:32:33.015344 1209565c0            Options.table_factory: BlockBasedTable
2019/04/18-16:32:33.015366 1209565c0            table_factory options:   flush_block_policy_factory: FlushBlockBySizePolicyFactory (0x7fd711c2f6d0)
  cache_index_and_filter_blocks: 1
  cache_index_and_filter_blocks_with_high_priority: 0
  pin_l0_filter_and_index_blocks_in_cache: 1
  index_type: 0
  hash_index_allow_collision: 1
  checksum: 1
  no_block_cache: 0
  block_cache: 0x7fd711e356d8
  block_cache_name: LRUCache
  block_cache_options:
    capacity : 44739242
    num_shard_bits : 6
    strict_capacity_limit : 0
    high_pri_pool_ratio: 0.000
  block_cache_compressed: 0x0
  persistent_cache: 0x0
  block_size: 16384
  block_size_deviation: 10
  block_restart_interval: 16
  index_block_restart_interval: 1
  metadata_block_size: 4096
  partition_filters: 0
  use_delta_encoding: 1
  filter_policy: nullptr
  whole_key_filtering: 1
  verify_compression: 0
  read_amp_bytes_per_bit: 0
  format_version: 2
  enable_index_compression: 1
  block_align: 0
2019/04/18-16:32:33.015372 1209565c0        Options.write_buffer_size: 2396745
2019/04/18-16:32:33.015374 1209565c0  Options.max_write_buffer_number: 6
2019/04/18-16:32:33.015376 1209565c0          Options.compression: Snappy
2019/04/18-16:32:33.015378 1209565c0                  Options.bottommost_compression: Disabled
2019/04/18-16:32:33.015379 1209565c0       Options.prefix_extractor: nullptr
2019/04/18-16:32:33.015409 1209565c0   Options.memtable_insert_with_hint_prefix_extractor: nullptr
2019/04/18-16:32:33.015422 1209565c0             Options.num_levels: 7
2019/04/18-16:32:33.015425 1209565c0        Options.min_write_buffer_number_to_merge: 2
2019/04/18-16:32:33.015426 1209565c0     Options.max_write_buffer_number_to_maintain: 0
2019/04/18-16:32:33.015427 1209565c0            Options.compression_opts.window_bits: -14
2019/04/18-16:32:33.015428 1209565c0                  Options.compression_opts.level: -1
2019/04/18-16:32:33.015429 1209565c0               Options.compression_opts.strategy: 0
2019/04/18-16:32:33.015430 1209565c0         Options.compression_opts.max_dict_bytes: 0
2019/04/18-16:32:33.015431 1209565c0         Options.compression_opts.zstd_max_train_bytes: 0
2019/04/18-16:32:33.015432 1209565c0      Options.level0_file_num_compaction_trigger: 2
2019/04/18-16:32:33.015433 1209565c0          Options.level0_slowdown_writes_trigger: 20
2019/04/18-16:32:33.015434 1209565c0              Options.level0_stop_writes_trigger: 36
2019/04/18-16:32:33.015435 1209565c0                   Options.target_file_size_base: 67108864
2019/04/18-16:32:33.015436 1209565c0             Options.target_file_size_multiplier: 1
2019/04/18-16:32:33.015437 1209565c0                Options.max_bytes_for_level_base: 9586980
2019/04/18-16:32:33.015438 1209565c0 Options.level_compaction_dynamic_level_bytes: 1
2019/04/18-16:32:33.015439 1209565c0          Options.max_bytes_for_level_multiplier: 10.000000
2019/04/18-16:32:33.015441 1209565c0 Options.max_bytes_for_level_multiplier_addtl[0]: 1
2019/04/18-16:32:33.015442 1209565c0 Options.max_bytes_for_level_multiplier_addtl[1]: 1
2019/04/18-16:32:33.015443 1209565c0 Options.max_bytes_for_level_multiplier_addtl[2]: 1
2019/04/18-16:32:33.015444 1209565c0 Options.max_bytes_for_level_multiplier_addtl[3]: 1
2019/04/18-16:32:33.015445 1209565c0 Options.max_bytes_for_level_multiplier_addtl[4]: 1
2019/04/18-16:32:33.015446 1209565c0 Options.max_bytes_for_level_multiplier_addtl[5]: 1
2019/04/18-16:32:33.015447 1209565c0 Options.max_bytes_for_level_multiplier_addtl[6]: 1
2019/04/18-16:32:33.015448 1209565c0       Options.max_sequential_skip_in_iterations: 8
2019/04/18-16:32:33.015449 1209565c0                    Options.max_compaction_bytes: 1677721600
2019/04/18-16:32:33.015450 1209565c0                        Options.arena_block_size: 303104
2019/04/18-16:32:33.015451 1209565c0   Options.soft_pending_compaction_bytes_limit: 68719476736
2019/04/18-16:32:33.015485 1209565c0   Options.hard_pending_compaction_bytes_limit: 274877906944
2019/04/18-16:32:33.015487 1209565c0       Options.rate_limit_delay_max_milliseconds: 100
2019/04/18-16:32:33.015488 1209565c0                Options.disable_auto_compactions: 0
2019/04/18-16:32:33.015490 1209565c0                        Options.compaction_style: kCompactionStyleLevel
2019/04/18-16:32:33.015492 1209565c0                          Options.compaction_pri: kByCompensatedSize
2019/04/18-16:32:33.015493 1209565c0 Options.compaction_options_universal.size_ratio: 1
2019/04/18-16:32:33.015494 1209565c0 Options.compaction_options_universal.min_merge_width: 2
2019/04/18-16:32:33.015495 1209565c0 Options.compaction_options_universal.max_merge_width: 4294967295
2019/04/18-16:32:33.015496 1209565c0 Options.compaction_options_universal.max_size_amplification_percent: 200
2019/04/18-16:32:33.015497 1209565c0 Options.compaction_options_universal.compression_size_percent: -1
2019/04/18-16:32:33.015499 1209565c0 Options.compaction_options_universal.stop_style: kCompactionStopStyleTotalSize
2019/04/18-16:32:33.015500 1209565c0 Options.compaction_options_fifo.max_table_files_size: 1073741824
2019/04/18-16:32:33.015501 1209565c0 Options.compaction_options_fifo.allow_compaction: 0
2019/04/18-16:32:33.015502 1209565c0 Options.compaction_options_fifo.ttl: 0
2019/04/18-16:32:33.015504 1209565c0                   Options.table_properties_collectors: 
2019/04/18-16:32:33.015505 1209565c0                   Options.inplace_update_support: 0
2019/04/18-16:32:33.015506 1209565c0                 Options.inplace_update_num_locks: 10000
2019/04/18-16:32:33.015507 1209565c0               Options.memtable_prefix_bloom_size_ratio: 0.000000
2019/04/18-16:32:33.015508 1209565c0   Options.memtable_huge_page_size: 0
2019/04/18-16:32:33.015509 1209565c0                           Options.bloom_locality: 0
2019/04/18-16:32:33.015510 1209565c0                    Options.max_successive_merges: 0
2019/04/18-16:32:33.015511 1209565c0                Options.optimize_filters_for_hits: 0
2019/04/18-16:32:33.015512 1209565c0                Options.paranoid_file_checks: 0
2019/04/18-16:32:33.015513 1209565c0                Options.force_consistency_checks: 0
2019/04/18-16:32:33.015514 1209565c0                Options.report_bg_io_stats: 0
2019/04/18-16:32:33.015515 1209565c0                               Options.ttl: 0
2019/04/18-16:32:33.015628 1209565c0 [/Users/luozhiwei/.cargo/registry/src/github.com-1ecc6299db9ec823/parity-rocksdb-sys-0.5.5/rocksdb/db/column_family.cc:475] --------------- Options for column family [col3]:
2019/04/18-16:32:33.015632 1209565c0               Options.comparator: leveldb.BytewiseComparator
2019/04/18-16:32:33.015633 1209565c0           Options.merge_operator: None
2019/04/18-16:32:33.015634 1209565c0        Options.compaction_filter: None
2019/04/18-16:32:33.015635 1209565c0        Options.compaction_filter_factory: None
2019/04/18-16:32:33.015636 1209565c0         Options.memtable_factory: SkipListFactory
2019/04/18-16:32:33.015637 1209565c0            Options.table_factory: BlockBasedTable
2019/04/18-16:32:33.015654 1209565c0            table_factory options:   flush_block_policy_factory: FlushBlockBySizePolicyFactory (0x7fd711c31f80)
  cache_index_and_filter_blocks: 1
  cache_index_and_filter_blocks_with_high_priority: 0
  pin_l0_filter_and_index_blocks_in_cache: 1
  index_type: 0
  hash_index_allow_collision: 1
  checksum: 1
  no_block_cache: 0
  block_cache: 0x7fd711e356d8
  block_cache_name: LRUCache
  block_cache_options:
    capacity : 44739242
    num_shard_bits : 6
    strict_capacity_limit : 0
    high_pri_pool_ratio: 0.000
  block_cache_compressed: 0x0
  persistent_cache: 0x0
  block_size: 16384
  block_size_deviation: 10
  block_restart_interval: 16
  index_block_restart_interval: 1
  metadata_block_size: 4096
  partition_filters: 0
  use_delta_encoding: 1
  filter_policy: nullptr
  whole_key_filtering: 1
  verify_compression: 0
  read_amp_bytes_per_bit: 0
  format_version: 2
  enable_index_compression: 1
  block_align: 0
2019/04/18-16:32:33.015678 1209565c0        Options.write_buffer_size: 2396745
2019/04/18-16:32:33.015680 1209565c0  Options.max_write_buffer_number: 6
2019/04/18-16:32:33.015681 1209565c0          Options.compression: Snappy
2019/04/18-16:32:33.015682 1209565c0                  Options.bottommost_compression: Disabled
2019/04/18-16:32:33.015684 1209565c0       Options.prefix_extractor: nullptr
2019/04/18-16:32:33.015685 1209565c0   Options.memtable_insert_with_hint_prefix_extractor: nullptr
2019/04/18-16:32:33.015686 1209565c0             Options.num_levels: 7
2019/04/18-16:32:33.015687 1209565c0        Options.min_write_buffer_number_to_merge: 2
2019/04/18-16:32:33.015688 1209565c0     Options.max_write_buffer_number_to_maintain: 0
2019/04/18-16:32:33.015689 1209565c0            Options.compression_opts.window_bits: -14
2019/04/18-16:32:33.015689 1209565c0                  Options.compression_opts.level: -1
2019/04/18-16:32:33.015690 1209565c0               Options.compression_opts.strategy: 0
2019/04/18-16:32:33.015691 1209565c0         Options.compression_opts.max_dict_bytes: 0
2019/04/18-16:32:33.015692 1209565c0         Options.compression_opts.zstd_max_train_bytes: 0
2019/04/18-16:32:33.015693 1209565c0      Options.level0_file_num_compaction_trigger: 2
2019/04/18-16:32:33.015694 1209565c0          Options.level0_slowdown_writes_trigger: 20
2019/04/18-16:32:33.015695 1209565c0              Options.level0_stop_writes_trigger: 36
2019/04/18-16:32:33.015696 1209565c0                   Options.target_file_size_base: 67108864
2019/04/18-16:32:33.015697 1209565c0             Options.target_file_size_multiplier: 1
2019/04/18-16:32:33.015698 1209565c0                Options.max_bytes_for_level_base: 9586980
2019/04/18-16:32:33.015699 1209565c0 Options.level_compaction_dynamic_level_bytes: 1
2019/04/18-16:32:33.015700 1209565c0          Options.max_bytes_for_level_multiplier: 10.000000
2019/04/18-16:32:33.015701 1209565c0 Options.max_bytes_for_level_multiplier_addtl[0]: 1
2019/04/18-16:32:33.015702 1209565c0 Options.max_bytes_for_level_multiplier_addtl[1]: 1
2019/04/18-16:32:33.015703 1209565c0 Options.max_bytes_for_level_multiplier_addtl[2]: 1
2019/04/18-16:32:33.015704 1209565c0 Options.max_bytes_for_level_multiplier_addtl[3]: 1
2019/04/18-16:32:33.015705 1209565c0 Options.max_bytes_for_level_multiplier_addtl[4]: 1
2019/04/18-16:32:33.015706 1209565c0 Options.max_bytes_for_level_multiplier_addtl[5]: 1
2019/04/18-16:32:33.015707 1209565c0 Options.max_bytes_for_level_multiplier_addtl[6]: 1
2019/04/18-16:32:33.015708 1209565c0       Options.max_sequential_skip_in_iterations: 8
2019/04/18-16:32:33.015709 1209565c0                    Options.max_compaction_bytes: 1677721600
2019/04/18-16:32:33.015710 1209565c0                        Options.arena_block_size: 303104
2019/04/18-16:32:33.015711 1209565c0   Options.soft_pending_compaction_bytes_limit: 68719476736
2019/04/18-16:32:33.015712 1209565c0   Options.hard_pending_compaction_bytes_limit: 274877906944
