2019/04/05-11:45:38.103553 1110505c0 RocksDB version: 5.14.3
2019/04/05-11:45:38.104564 1110505c0 Git sha rocksdb_build_git_sha:@0@
2019/04/05-11:45:38.104568 1110505c0 Compile date Apr  4 2019
2019/04/05-11:45:38.104573 1110505c0 DB SUMMARY
2019/04/05-11:45:38.104695 1110505c0 CURRENT file:  CURRENT
2019/04/05-11:45:38.104698 1110505c0 IDENTITY file:  IDENTITY
2019/04/05-11:45:38.104707 1110505c0 MANIFEST file:  MANIFEST-000005 size: 777 Bytes
2019/04/05-11:45:38.104712 1110505c0 SST files in ./storage/db dir, Total Num: 0, files: 
2019/04/05-11:45:38.104714 1110505c0 Write Ahead Log file in ./storage/db: 000006.log size: 13573 ; 
2019/04/05-11:45:38.104716 1110505c0                         Options.error_if_exists: 0
2019/04/05-11:45:38.104720 1110505c0                       Options.create_if_missing: 1
2019/04/05-11:45:38.104721 1110505c0                         Options.paranoid_checks: 1
2019/04/05-11:45:38.104722 1110505c0                                     Options.env: 0x10caa6d80
2019/04/05-11:45:38.104723 1110505c0                                Options.info_log: 0x7fba757b6030
2019/04/05-11:45:38.104725 1110505c0                Options.max_file_opening_threads: 16
2019/04/05-11:45:38.104726 1110505c0                              Options.statistics: 0x0
2019/04/05-11:45:38.104727 1110505c0                               Options.use_fsync: 0
2019/04/05-11:45:38.104727 1110505c0                       Options.max_log_file_size: 0
2019/04/05-11:45:38.104728 1110505c0                  Options.max_manifest_file_size: 18446744073709551615
2019/04/05-11:45:38.104730 1110505c0                   Options.log_file_time_to_roll: 0
2019/04/05-11:45:38.104731 1110505c0                       Options.keep_log_file_num: 1
2019/04/05-11:45:38.104731 1110505c0                    Options.recycle_log_file_num: 0
2019/04/05-11:45:38.104732 1110505c0                         Options.allow_fallocate: 1
2019/04/05-11:45:38.104733 1110505c0                        Options.allow_mmap_reads: 0
2019/04/05-11:45:38.104734 1110505c0                       Options.allow_mmap_writes: 0
2019/04/05-11:45:38.104735 1110505c0                        Options.use_direct_reads: 0
2019/04/05-11:45:38.104736 1110505c0                        Options.use_direct_io_for_flush_and_compaction: 0
2019/04/05-11:45:38.104737 1110505c0          Options.create_missing_column_families: 0
2019/04/05-11:45:38.104738 1110505c0                              Options.db_log_dir: 
2019/04/05-11:45:38.104739 1110505c0                                 Options.wal_dir: ./storage/db
2019/04/05-11:45:38.104740 1110505c0                Options.table_cache_numshardbits: 6
2019/04/05-11:45:38.104741 1110505c0                      Options.max_subcompactions: 1
2019/04/05-11:45:38.104742 1110505c0                  Options.max_background_flushes: -1
2019/04/05-11:45:38.104743 1110505c0                         Options.WAL_ttl_seconds: 0
2019/04/05-11:45:38.104744 1110505c0                       Options.WAL_size_limit_MB: 0
2019/04/05-11:45:38.104745 1110505c0             Options.manifest_preallocation_size: 4194304
2019/04/05-11:45:38.104746 1110505c0                     Options.is_fd_close_on_exec: 1
2019/04/05-11:45:38.104747 1110505c0                   Options.advise_random_on_open: 1
2019/04/05-11:45:38.104748 1110505c0                    Options.db_write_buffer_size: 4793490
2019/04/05-11:45:38.104749 1110505c0                    Options.write_buffer_manager: 0x7fba757b5e70
2019/04/05-11:45:38.104750 1110505c0         Options.access_hint_on_compaction_start: 1
2019/04/05-11:45:38.104750 1110505c0  Options.new_table_reader_for_compaction_inputs: 0
2019/04/05-11:45:38.104751 1110505c0           Options.random_access_max_buffer_size: 1048576
2019/04/05-11:45:38.104752 1110505c0                      Options.use_adaptive_mutex: 0
2019/04/05-11:45:38.104753 1110505c0                            Options.rate_limiter: 0x0
2019/04/05-11:45:38.104754 1110505c0     Options.sst_file_manager.rate_bytes_per_sec: 0
2019/04/05-11:45:38.104755 1110505c0                       Options.wal_recovery_mode: 2
2019/04/05-11:45:38.104756 1110505c0                  Options.enable_thread_tracking: 0
2019/04/05-11:45:38.104781 1110505c0                  Options.enable_pipelined_write: 0
2019/04/05-11:45:38.104782 1110505c0         Options.allow_concurrent_memtable_write: 1
2019/04/05-11:45:38.104783 1110505c0      Options.enable_write_thread_adaptive_yield: 1
2019/04/05-11:45:38.104784 1110505c0             Options.write_thread_max_yield_usec: 100
2019/04/05-11:45:38.104785 1110505c0            Options.write_thread_slow_yield_usec: 3
2019/04/05-11:45:38.104786 1110505c0                               Options.row_cache: None
2019/04/05-11:45:38.104787 1110505c0                              Options.wal_filter: None
2019/04/05-11:45:38.104788 1110505c0             Options.avoid_flush_during_recovery: 0
2019/04/05-11:45:38.104789 1110505c0             Options.allow_ingest_behind: 0
2019/04/05-11:45:38.104790 1110505c0             Options.preserve_deletes: 0
2019/04/05-11:45:38.104791 1110505c0             Options.two_write_queues: 0
2019/04/05-11:45:38.104792 1110505c0             Options.manual_wal_flush: 0
2019/04/05-11:45:38.104793 1110505c0             Options.max_background_jobs: 2
2019/04/05-11:45:38.104794 1110505c0             Options.max_background_compactions: -1
2019/04/05-11:45:38.104795 1110505c0             Options.avoid_flush_during_shutdown: 0
2019/04/05-11:45:38.104796 1110505c0           Options.writable_file_max_buffer_size: 1048576
2019/04/05-11:45:38.104797 1110505c0             Options.delayed_write_rate : 16777216
2019/04/05-11:45:38.104798 1110505c0             Options.max_total_wal_size: 0
2019/04/05-11:45:38.104799 1110505c0             Options.delete_obsolete_files_period_micros: 21600000000
2019/04/05-11:45:38.104800 1110505c0                   Options.stats_dump_period_sec: 600
2019/04/05-11:45:38.104801 1110505c0                          Options.max_open_files: 256
2019/04/05-11:45:38.104802 1110505c0                          Options.bytes_per_sync: 1048576
2019/04/05-11:45:38.104803 1110505c0                      Options.wal_bytes_per_sync: 0
2019/04/05-11:45:38.104804 1110505c0       Options.compaction_readahead_size: 0
2019/04/05-11:45:38.104805 1110505c0 Compression algorithms supported:
2019/04/05-11:45:38.104809 1110505c0 	kZSTD supported: 0
2019/04/05-11:45:38.104811 1110505c0 	kZlibCompression supported: 0
2019/04/05-11:45:38.104812 1110505c0 	kXpressCompression supported: 0
2019/04/05-11:45:38.104813 1110505c0 	kSnappyCompression supported: 1
2019/04/05-11:45:38.104815 1110505c0 	kZSTDNotFinalCompression supported: 0
2019/04/05-11:45:38.104816 1110505c0 	kLZ4HCCompression supported: 0
2019/04/05-11:45:38.104817 1110505c0 	kLZ4Compression supported: 0
2019/04/05-11:45:38.104818 1110505c0 	kBZip2Compression supported: 0
2019/04/05-11:45:38.104822 1110505c0 Fast CRC32 supported: Not supported on x86
2019/04/05-11:45:38.105434 1110505c0 [/Users/luozhiwei/.cargo/registry/src/github.com-1ecc6299db9ec823/parity-rocksdb-sys-0.5.5/rocksdb/db/version_set.cc:3085] Recovering from manifest file: MANIFEST-000005
2019/04/05-11:45:38.105545 1110505c0 [/Users/luozhiwei/.cargo/registry/src/github.com-1ecc6299db9ec823/parity-rocksdb-sys-0.5.5/rocksdb/db/column_family.cc:475] --------------- Options for column family [default]:
2019/04/05-11:45:38.105551 1110505c0               Options.comparator: leveldb.BytewiseComparator
2019/04/05-11:45:38.105553 1110505c0           Options.merge_operator: None
2019/04/05-11:45:38.105554 1110505c0        Options.compaction_filter: None
2019/04/05-11:45:38.105555 1110505c0        Options.compaction_filter_factory: None
2019/04/05-11:45:38.105556 1110505c0         Options.memtable_factory: SkipListFactory
2019/04/05-11:45:38.105557 1110505c0            Options.table_factory: BlockBasedTable
2019/04/05-11:45:38.105582 1110505c0            table_factory options:   flush_block_policy_factory: FlushBlockBySizePolicyFactory (0x7fba757afb80)
  cache_index_and_filter_blocks: 0
  cache_index_and_filter_blocks_with_high_priority: 0
  pin_l0_filter_and_index_blocks_in_cache: 0
  index_type: 0
  hash_index_allow_collision: 1
  checksum: 1
  no_block_cache: 0
  block_cache: 0x7fba757b1048
  block_cache_name: LRUCache
  block_cache_options:
    capacity : 8388608
    num_shard_bits : 4
    strict_capacity_limit : 0
    high_pri_pool_ratio: 0.000
  block_cache_compressed: 0x0
  persistent_cache: 0x0
  block_size: 4096
  block_size_deviation: 10
  block_restart_interval: 16
  index_block_restart_interval: 1
  metadata_block_size: 4096
  partition_filters: 0
  use_delta_encoding: 1
  filter_policy: nullptr
  whole_key_filtering: 1
  verify_compression: 0
  read_amp_bytes_per_bit: 0
  format_version: 2
  enable_index_compression: 1
  block_align: 0
2019/04/05-11:45:38.105613 1110505c0        Options.write_buffer_size: 67108864
2019/04/05-11:45:38.105615 1110505c0  Options.max_write_buffer_number: 2
2019/04/05-11:45:38.105620 1110505c0          Options.compression: Snappy
2019/04/05-11:45:38.105621 1110505c0                  Options.bottommost_compression: Disabled
2019/04/05-11:45:38.105622 1110505c0       Options.prefix_extractor: nullptr
2019/04/05-11:45:38.105623 1110505c0   Options.memtable_insert_with_hint_prefix_extractor: nullptr
2019/04/05-11:45:38.105624 1110505c0             Options.num_levels: 7
2019/04/05-11:45:38.105625 1110505c0        Options.min_write_buffer_number_to_merge: 1
2019/04/05-11:45:38.105626 1110505c0     Options.max_write_buffer_number_to_maintain: 0
2019/04/05-11:45:38.105627 1110505c0            Options.compression_opts.window_bits: -14
2019/04/05-11:45:38.105628 1110505c0                  Options.compression_opts.level: -1
2019/04/05-11:45:38.105629 1110505c0               Options.compression_opts.strategy: 0
2019/04/05-11:45:38.105630 1110505c0         Options.compression_opts.max_dict_bytes: 0
2019/04/05-11:45:38.105631 1110505c0         Options.compression_opts.zstd_max_train_bytes: 0
2019/04/05-11:45:38.105632 1110505c0      Options.level0_file_num_compaction_trigger: 4
2019/04/05-11:45:38.105633 1110505c0          Options.level0_slowdown_writes_trigger: 20
2019/04/05-11:45:38.105634 1110505c0              Options.level0_stop_writes_trigger: 36
2019/04/05-11:45:38.105635 1110505c0                   Options.target_file_size_base: 67108864
2019/04/05-11:45:38.105636 1110505c0             Options.target_file_size_multiplier: 1
2019/04/05-11:45:38.105637 1110505c0                Options.max_bytes_for_level_base: 268435456
2019/04/05-11:45:38.105638 1110505c0 Options.level_compaction_dynamic_level_bytes: 0
2019/04/05-11:45:38.105639 1110505c0          Options.max_bytes_for_level_multiplier: 10.000000
2019/04/05-11:45:38.105641 1110505c0 Options.max_bytes_for_level_multiplier_addtl[0]: 1
2019/04/05-11:45:38.105642 1110505c0 Options.max_bytes_for_level_multiplier_addtl[1]: 1
2019/04/05-11:45:38.105643 1110505c0 Options.max_bytes_for_level_multiplier_addtl[2]: 1
2019/04/05-11:45:38.105644 1110505c0 Options.max_bytes_for_level_multiplier_addtl[3]: 1
2019/04/05-11:45:38.105645 1110505c0 Options.max_bytes_for_level_multiplier_addtl[4]: 1
2019/04/05-11:45:38.105646 1110505c0 Options.max_bytes_for_level_multiplier_addtl[5]: 1
2019/04/05-11:45:38.105647 1110505c0 Options.max_bytes_for_level_multiplier_addtl[6]: 1
2019/04/05-11:45:38.105648 1110505c0       Options.max_sequential_skip_in_iterations: 8
2019/04/05-11:45:38.105649 1110505c0                    Options.max_compaction_bytes: 1677721600
2019/04/05-11:45:38.105650 1110505c0                        Options.arena_block_size: 8388608
2019/04/05-11:45:38.105651 1110505c0   Options.soft_pending_compaction_bytes_limit: 68719476736
2019/04/05-11:45:38.105652 1110505c0   Options.hard_pending_compaction_bytes_limit: 274877906944
2019/04/05-11:45:38.105653 1110505c0       Options.rate_limit_delay_max_milliseconds: 100
2019/04/05-11:45:38.105654 1110505c0                Options.disable_auto_compactions: 0
2019/04/05-11:45:38.105656 1110505c0                        Options.compaction_style: kCompactionStyleLevel
2019/04/05-11:45:38.105660 1110505c0                          Options.compaction_pri: kByCompensatedSize
2019/04/05-11:45:38.105661 1110505c0 Options.compaction_options_universal.size_ratio: 1
2019/04/05-11:45:38.105662 1110505c0 Options.compaction_options_universal.min_merge_width: 2
2019/04/05-11:45:38.105679 1110505c0 Options.compaction_options_universal.max_merge_width: 4294967295
2019/04/05-11:45:38.105681 1110505c0 Options.compaction_options_universal.max_size_amplification_percent: 200
2019/04/05-11:45:38.105682 1110505c0 Options.compaction_options_universal.compression_size_percent: -1
2019/04/05-11:45:38.105684 1110505c0 Options.compaction_options_universal.stop_style: kCompactionStopStyleTotalSize
2019/04/05-11:45:38.105685 1110505c0 Options.compaction_options_fifo.max_table_files_size: 1073741824
2019/04/05-11:45:38.105686 1110505c0 Options.compaction_options_fifo.allow_compaction: 0
2019/04/05-11:45:38.105687 1110505c0 Options.compaction_options_fifo.ttl: 0
2019/04/05-11:45:38.105688 1110505c0                   Options.table_properties_collectors: 
2019/04/05-11:45:38.105689 1110505c0                   Options.inplace_update_support: 0
2019/04/05-11:45:38.105690 1110505c0                 Options.inplace_update_num_locks: 10000
2019/04/05-11:45:38.105691 1110505c0               Options.memtable_prefix_bloom_size_ratio: 0.000000
2019/04/05-11:45:38.105693 1110505c0   Options.memtable_huge_page_size: 0
2019/04/05-11:45:38.105694 1110505c0                           Options.bloom_locality: 0
2019/04/05-11:45:38.105695 1110505c0                    Options.max_successive_merges: 0
2019/04/05-11:45:38.105696 1110505c0                Options.optimize_filters_for_hits: 0
2019/04/05-11:45:38.105696 1110505c0                Options.paranoid_file_checks: 0
2019/04/05-11:45:38.105697 1110505c0                Options.force_consistency_checks: 0
2019/04/05-11:45:38.105698 1110505c0                Options.report_bg_io_stats: 0
2019/04/05-11:45:38.105699 1110505c0                               Options.ttl: 0
2019/04/05-11:45:38.106229 1110505c0 [/Users/luozhiwei/.cargo/registry/src/github.com-1ecc6299db9ec823/parity-rocksdb-sys-0.5.5/rocksdb/db/column_family.cc:475] --------------- Options for column family [col0]:
2019/04/05-11:45:38.106233 1110505c0               Options.comparator: leveldb.BytewiseComparator
2019/04/05-11:45:38.106235 1110505c0           Options.merge_operator: None
2019/04/05-11:45:38.106236 1110505c0        Options.compaction_filter: None
2019/04/05-11:45:38.106237 1110505c0        Options.compaction_filter_factory: None
2019/04/05-11:45:38.106238 1110505c0         Options.memtable_factory: SkipListFactory
2019/04/05-11:45:38.106239 1110505c0            Options.table_factory: BlockBasedTable
2019/04/05-11:45:38.106255 1110505c0            table_factory options:   flush_block_policy_factory: FlushBlockBySizePolicyFactory (0x7fba757863a0)
  cache_index_and_filter_blocks: 1
  cache_index_and_filter_blocks_with_high_priority: 0
  pin_l0_filter_and_index_blocks_in_cache: 1
  index_type: 0
  hash_index_allow_collision: 1
  checksum: 1
  no_block_cache: 0
  block_cache: 0x7fba757b1ea8
  block_cache_name: LRUCache
  block_cache_options:
    capacity : 44739242
    num_shard_bits : 6
    strict_capacity_limit : 0
    high_pri_pool_ratio: 0.000
  block_cache_compressed: 0x0
  persistent_cache: 0x0
  block_size: 16384
  block_size_deviation: 10
  block_restart_interval: 16
  index_block_restart_interval: 1
  metadata_block_size: 4096
  partition_filters: 0
  use_delta_encoding: 1
  filter_policy: nullptr
  whole_key_filtering: 1
  verify_compression: 0
  read_amp_bytes_per_bit: 0
  format_version: 2
  enable_index_compression: 1
  block_align: 0
2019/04/05-11:45:38.106259 1110505c0        Options.write_buffer_size: 2396745
2019/04/05-11:45:38.106260 1110505c0  Options.max_write_buffer_number: 6
2019/04/05-11:45:38.106262 1110505c0          Options.compression: Snappy
2019/04/05-11:45:38.106263 1110505c0                  Options.bottommost_compression: Disabled
2019/04/05-11:45:38.106264 1110505c0       Options.prefix_extractor: nullptr
2019/04/05-11:45:38.106265 1110505c0   Options.memtable_insert_with_hint_prefix_extractor: nullptr
2019/04/05-11:45:38.106266 1110505c0             Options.num_levels: 7
2019/04/05-11:45:38.106267 1110505c0        Options.min_write_buffer_number_to_merge: 2
2019/04/05-11:45:38.106292 1110505c0     Options.max_write_buffer_number_to_maintain: 0
2019/04/05-11:45:38.106294 1110505c0            Options.compression_opts.window_bits: -14
2019/04/05-11:45:38.106295 1110505c0                  Options.compression_opts.level: -1
2019/04/05-11:45:38.106296 1110505c0               Options.compression_opts.strategy: 0
2019/04/05-11:45:38.106297 1110505c0         Options.compression_opts.max_dict_bytes: 0
2019/04/05-11:45:38.106298 1110505c0         Options.compression_opts.zstd_max_train_bytes: 0
2019/04/05-11:45:38.106299 1110505c0      Options.level0_file_num_compaction_trigger: 2
2019/04/05-11:45:38.106300 1110505c0          Options.level0_slowdown_writes_trigger: 20
2019/04/05-11:45:38.106301 1110505c0              Options.level0_stop_writes_trigger: 36
2019/04/05-11:45:38.106302 1110505c0                   Options.target_file_size_base: 67108864
2019/04/05-11:45:38.106303 1110505c0             Options.target_file_size_multiplier: 1
2019/04/05-11:45:38.106303 1110505c0                Options.max_bytes_for_level_base: 9586980
2019/04/05-11:45:38.106304 1110505c0 Options.level_compaction_dynamic_level_bytes: 1
2019/04/05-11:45:38.106305 1110505c0          Options.max_bytes_for_level_multiplier: 10.000000
2019/04/05-11:45:38.106307 1110505c0 Options.max_bytes_for_level_multiplier_addtl[0]: 1
2019/04/05-11:45:38.106308 1110505c0 Options.max_bytes_for_level_multiplier_addtl[1]: 1
2019/04/05-11:45:38.106309 1110505c0 Options.max_bytes_for_level_multiplier_addtl[2]: 1
2019/04/05-11:45:38.106310 1110505c0 Options.max_bytes_for_level_multiplier_addtl[3]: 1
2019/04/05-11:45:38.106311 1110505c0 Options.max_bytes_for_level_multiplier_addtl[4]: 1
2019/04/05-11:45:38.106312 1110505c0 Options.max_bytes_for_level_multiplier_addtl[5]: 1
2019/04/05-11:45:38.106313 1110505c0 Options.max_bytes_for_level_multiplier_addtl[6]: 1
2019/04/05-11:45:38.106314 1110505c0       Options.max_sequential_skip_in_iterations: 8
2019/04/05-11:45:38.106315 1110505c0                    Options.max_compaction_bytes: 1677721600
2019/04/05-11:45:38.106316 1110505c0                        Options.arena_block_size: 303104
2019/04/05-11:45:38.106317 1110505c0   Options.soft_pending_compaction_bytes_limit: 68719476736
2019/04/05-11:45:38.106318 1110505c0   Options.hard_pending_compaction_bytes_limit: 274877906944
2019/04/05-11:45:38.106319 1110505c0       Options.rate_limit_delay_max_milliseconds: 100
2019/04/05-11:45:38.106320 1110505c0                Options.disable_auto_compactions: 0
2019/04/05-11:45:38.106322 1110505c0                        Options.compaction_style: kCompactionStyleLevel
2019/04/05-11:45:38.106324 1110505c0                          Options.compaction_pri: kByCompensatedSize
2019/04/05-11:45:38.106325 1110505c0 Options.compaction_options_universal.size_ratio: 1
2019/04/05-11:45:38.106326 1110505c0 Options.compaction_options_universal.min_merge_width: 2
2019/04/05-11:45:38.106327 1110505c0 Options.compaction_options_universal.max_merge_width: 4294967295
2019/04/05-11:45:38.106328 1110505c0 Options.compaction_options_universal.max_size_amplification_percent: 200
2019/04/05-11:45:38.106329 1110505c0 Options.compaction_options_universal.compression_size_percent: -1
2019/04/05-11:45:38.106331 1110505c0 Options.compaction_options_universal.stop_style: kCompactionStopStyleTotalSize
2019/04/05-11:45:38.106332 1110505c0 Options.compaction_options_fifo.max_table_files_size: 1073741824
2019/04/05-11:45:38.106333 1110505c0 Options.compaction_options_fifo.allow_compaction: 0
2019/04/05-11:45:38.106334 1110505c0 Options.compaction_options_fifo.ttl: 0
2019/04/05-11:45:38.106335 1110505c0                   Options.table_properties_collectors: 
2019/04/05-11:45:38.106336 1110505c0                   Options.inplace_update_support: 0
2019/04/05-11:45:38.106337 1110505c0                 Options.inplace_update_num_locks: 10000
2019/04/05-11:45:38.106338 1110505c0               Options.memtable_prefix_bloom_size_ratio: 0.000000
2019/04/05-11:45:38.106339 1110505c0   Options.memtable_huge_page_size: 0
2019/04/05-11:45:38.106356 1110505c0                           Options.bloom_locality: 0
2019/04/05-11:45:38.106357 1110505c0                    Options.max_successive_merges: 0
2019/04/05-11:45:38.106358 1110505c0                Options.optimize_filters_for_hits: 0
2019/04/05-11:45:38.106359 1110505c0                Options.paranoid_file_checks: 0
2019/04/05-11:45:38.106360 1110505c0                Options.force_consistency_checks: 0
2019/04/05-11:45:38.106361 1110505c0                Options.report_bg_io_stats: 0
2019/04/05-11:45:38.106362 1110505c0                               Options.ttl: 0
2019/04/05-11:45:38.106439 1110505c0 [/Users/luozhiwei/.cargo/registry/src/github.com-1ecc6299db9ec823/parity-rocksdb-sys-0.5.5/rocksdb/db/column_family.cc:475] --------------- Options for column family [col1]:
2019/04/05-11:45:38.106442 1110505c0               Options.comparator: leveldb.BytewiseComparator
2019/04/05-11:45:38.106443 1110505c0           Options.merge_operator: None
2019/04/05-11:45:38.106444 1110505c0        Options.compaction_filter: None
2019/04/05-11:45:38.106445 1110505c0        Options.compaction_filter_factory: None
2019/04/05-11:45:38.106446 1110505c0         Options.memtable_factory: SkipListFactory
2019/04/05-11:45:38.106447 1110505c0            Options.table_factory: BlockBasedTable
2019/04/05-11:45:38.106461 1110505c0            table_factory options:   flush_block_policy_factory: FlushBlockBySizePolicyFactory (0x7fba7577fb20)
  cache_index_and_filter_blocks: 1
  cache_index_and_filter_blocks_with_high_priority: 0
  pin_l0_filter_and_index_blocks_in_cache: 1
  index_type: 0
  hash_index_allow_collision: 1
  checksum: 1
  no_block_cache: 0
  block_cache: 0x7fba757b1ea8
  block_cache_name: LRUCache
  block_cache_options:
    capacity : 44739242
    num_shard_bits : 6
    strict_capacity_limit : 0
    high_pri_pool_ratio: 0.000
  block_cache_compressed: 0x0
  persistent_cache: 0x0
  block_size: 16384
  block_size_deviation: 10
  block_restart_interval: 16
  index_block_restart_interval: 1
  metadata_block_size: 4096
  partition_filters: 0
  use_delta_encoding: 1
  filter_policy: nullptr
  whole_key_filtering: 1
  verify_compression: 0
  read_amp_bytes_per_bit: 0
  format_version: 2
  enable_index_compression: 1
  block_align: 0
2019/04/05-11:45:38.106464 1110505c0        Options.write_buffer_size: 2396745
2019/04/05-11:45:38.106466 1110505c0  Options.max_write_buffer_number: 6
2019/04/05-11:45:38.106467 1110505c0          Options.compression: Snappy
2019/04/05-11:45:38.106468 1110505c0                  Options.bottommost_compression: Disabled
2019/04/05-11:45:38.106469 1110505c0       Options.prefix_extractor: nullptr
2019/04/05-11:45:38.106470 1110505c0   Options.memtable_insert_with_hint_prefix_extractor: nullptr
2019/04/05-11:45:38.106471 1110505c0             Options.num_levels: 7
2019/04/05-11:45:38.106472 1110505c0        Options.min_write_buffer_number_to_merge: 2
2019/04/05-11:45:38.106473 1110505c0     Options.max_write_buffer_number_to_maintain: 0
2019/04/05-11:45:38.106474 1110505c0            Options.compression_opts.window_bits: -14
2019/04/05-11:45:38.106475 1110505c0                  Options.compression_opts.level: -1
2019/04/05-11:45:38.106476 1110505c0               Options.compression_opts.strategy: 0
2019/04/05-11:45:38.106477 1110505c0         Options.compression_opts.max_dict_bytes: 0
2019/04/05-11:45:38.106478 1110505c0         Options.compression_opts.zstd_max_train_bytes: 0
2019/04/05-11:45:38.106479 1110505c0      Options.level0_file_num_compaction_trigger: 2
2019/04/05-11:45:38.106480 1110505c0          Options.level0_slowdown_writes_trigger: 20
2019/04/05-11:45:38.106481 1110505c0              Options.level0_stop_writes_trigger: 36
2019/04/05-11:45:38.106482 1110505c0                   Options.target_file_size_base: 67108864
2019/04/05-11:45:38.106483 1110505c0             Options.target_file_size_multiplier: 1
2019/04/05-11:45:38.106484 1110505c0                Options.max_bytes_for_level_base: 9586980
2019/04/05-11:45:38.106485 1110505c0 Options.level_compaction_dynamic_level_bytes: 1
2019/04/05-11:45:38.106504 1110505c0          Options.max_bytes_for_level_multiplier: 10.000000
2019/04/05-11:45:38.106506 1110505c0 Options.max_bytes_for_level_multiplier_addtl[0]: 1
2019/04/05-11:45:38.106507 1110505c0 Options.max_bytes_for_level_multiplier_addtl[1]: 1
2019/04/05-11:45:38.106508 1110505c0 Options.max_bytes_for_level_multiplier_addtl[2]: 1
2019/04/05-11:45:38.106509 1110505c0 Options.max_bytes_for_level_multiplier_addtl[3]: 1
2019/04/05-11:45:38.106510 1110505c0 Options.max_bytes_for_level_multiplier_addtl[4]: 1
2019/04/05-11:45:38.106511 1110505c0 Options.max_bytes_for_level_multiplier_addtl[5]: 1
2019/04/05-11:45:38.106512 1110505c0 Options.max_bytes_for_level_multiplier_addtl[6]: 1
2019/04/05-11:45:38.106513 1110505c0       Options.max_sequential_skip_in_iterations: 8
2019/04/05-11:45:38.106514 1110505c0                    Options.max_compaction_bytes: 1677721600
2019/04/05-11:45:38.106515 1110505c0                        Options.arena_block_size: 303104
2019/04/05-11:45:38.106516 1110505c0   Options.soft_pending_compaction_bytes_limit: 68719476736
2019/04/05-11:45:38.106517 1110505c0   Options.hard_pending_compaction_bytes_limit: 274877906944
2019/04/05-11:45:38.106518 1110505c0       Options.rate_limit_delay_max_milliseconds: 100
2019/04/05-11:45:38.106519 1110505c0                Options.disable_auto_compactions: 0
2019/04/05-11:45:38.106520 1110505c0                        Options.compaction_style: kCompactionStyleLevel
2019/04/05-11:45:38.106522 1110505c0                          Options.compaction_pri: kByCompensatedSize
2019/04/05-11:45:38.106523 1110505c0 Options.compaction_options_universal.size_ratio: 1
2019/04/05-11:45:38.106524 1110505c0 Options.compaction_options_universal.min_merge_width: 2
2019/04/05-11:45:38.106525 1110505c0 Options.compaction_options_universal.max_merge_width: 4294967295
2019/04/05-11:45:38.106526 1110505c0 Options.compaction_options_universal.max_size_amplification_percent: 200
2019/04/05-11:45:38.106527 1110505c0 Options.compaction_options_universal.compression_size_percent: -1
2019/04/05-11:45:38.106529 1110505c0 Options.compaction_options_universal.stop_style: kCompactionStopStyleTotalSize
2019/04/05-11:45:38.106530 1110505c0 Options.compaction_options_fifo.max_table_files_size: 1073741824
2019/04/05-11:45:38.106531 1110505c0 Options.compaction_options_fifo.allow_compaction: 0
2019/04/05-11:45:38.106532 1110505c0 Options.compaction_options_fifo.ttl: 0
2019/04/05-11:45:38.106533 1110505c0                   Options.table_properties_collectors: 
2019/04/05-11:45:38.106534 1110505c0                   Options.inplace_update_support: 0
2019/04/05-11:45:38.106535 1110505c0                 Options.inplace_update_num_locks: 10000
2019/04/05-11:45:38.106536 1110505c0               Options.memtable_prefix_bloom_size_ratio: 0.000000
2019/04/05-11:45:38.106537 1110505c0   Options.memtable_huge_page_size: 0
2019/04/05-11:45:38.106538 1110505c0                           Options.bloom_locality: 0
2019/04/05-11:45:38.106539 1110505c0                    Options.max_successive_merges: 0
2019/04/05-11:45:38.106540 1110505c0                Options.optimize_filters_for_hits: 0
2019/04/05-11:45:38.106541 1110505c0                Options.paranoid_file_checks: 0
2019/04/05-11:45:38.106542 1110505c0                Options.force_consistency_checks: 0
2019/04/05-11:45:38.106542 1110505c0                Options.report_bg_io_stats: 0
2019/04/05-11:45:38.106543 1110505c0                               Options.ttl: 0
2019/04/05-11:45:38.106615 1110505c0 [/Users/luozhiwei/.cargo/registry/src/github.com-1ecc6299db9ec823/parity-rocksdb-sys-0.5.5/rocksdb/db/column_family.cc:475] --------------- Options for column family [col2]:
2019/04/05-11:45:38.106619 1110505c0               Options.comparator: leveldb.BytewiseComparator
2019/04/05-11:45:38.106620 1110505c0           Options.merge_operator: None
2019/04/05-11:45:38.106621 1110505c0        Options.compaction_filter: None
2019/04/05-11:45:38.106622 1110505c0        Options.compaction_filter_factory: None
2019/04/05-11:45:38.106641 1110505c0         Options.memtable_factory: SkipListFactory
2019/04/05-11:45:38.106643 1110505c0            Options.table_factory: BlockBasedTable
2019/04/05-11:45:38.106657 1110505c0            table_factory options:   flush_block_policy_factory: FlushBlockBySizePolicyFactory (0x7fba7577fd40)
  cache_index_and_filter_blocks: 1
  cache_index_and_filter_blocks_with_high_priority: 0
  pin_l0_filter_and_index_blocks_in_cache: 1
  index_type: 0
  hash_index_allow_collision: 1
  checksum: 1
  no_block_cache: 0
  block_cache: 0x7fba757b1ea8
  block_cache_name: LRUCache
  block_cache_options:
    capacity : 44739242
    num_shard_bits : 6
    strict_capacity_limit : 0
    high_pri_pool_ratio: 0.000
  block_cache_compressed: 0x0
  persistent_cache: 0x0
  block_size: 16384
  block_size_deviation: 10
  block_restart_interval: 16
  index_block_restart_interval: 1
  metadata_block_size: 4096
  partition_filters: 0
  use_delta_encoding: 1
  filter_policy: nullptr
  whole_key_filtering: 1
  verify_compression: 0
  read_amp_bytes_per_bit: 0
  format_version: 2
  enable_index_compression: 1
  block_align: 0
2019/04/05-11:45:38.106660 1110505c0        Options.write_buffer_size: 2396745
2019/04/05-11:45:38.106661 1110505c0  Options.max_write_buffer_number: 6
2019/04/05-11:45:38.106663 1110505c0          Options.compression: Snappy
2019/04/05-11:45:38.106664 1110505c0                  Options.bottommost_compression: Disabled
2019/04/05-11:45:38.106665 1110505c0       Options.prefix_extractor: nullptr
2019/04/05-11:45:38.106665 1110505c0   Options.memtable_insert_with_hint_prefix_extractor: nullptr
2019/04/05-11:45:38.106666 1110505c0             Options.num_levels: 7
2019/04/05-11:45:38.106667 1110505c0        Options.min_write_buffer_number_to_merge: 2
2019/04/05-11:45:38.106668 1110505c0     Options.max_write_buffer_number_to_maintain: 0
2019/04/05-11:45:38.106669 1110505c0            Options.compression_opts.window_bits: -14
2019/04/05-11:45:38.106670 1110505c0                  Options.compression_opts.level: -1
2019/04/05-11:45:38.106671 1110505c0               Options.compression_opts.strategy: 0
2019/04/05-11:45:38.106672 1110505c0         Options.compression_opts.max_dict_bytes: 0
2019/04/05-11:45:38.106673 1110505c0         Options.compression_opts.zstd_max_train_bytes: 0
2019/04/05-11:45:38.106674 1110505c0      Options.level0_file_num_compaction_trigger: 2
2019/04/05-11:45:38.106675 1110505c0          Options.level0_slowdown_writes_trigger: 20
2019/04/05-11:45:38.106676 1110505c0              Options.level0_stop_writes_trigger: 36
2019/04/05-11:45:38.106677 1110505c0                   Options.target_file_size_base: 67108864
2019/04/05-11:45:38.106678 1110505c0             Options.target_file_size_multiplier: 1
2019/04/05-11:45:38.106679 1110505c0                Options.max_bytes_for_level_base: 9586980
2019/04/05-11:45:38.106680 1110505c0 Options.level_compaction_dynamic_level_bytes: 1
2019/04/05-11:45:38.106680 1110505c0          Options.max_bytes_for_level_multiplier: 10.000000
2019/04/05-11:45:38.106682 1110505c0 Options.max_bytes_for_level_multiplier_addtl[0]: 1
2019/04/05-11:45:38.106683 1110505c0 Options.max_bytes_for_level_multiplier_addtl[1]: 1
2019/04/05-11:45:38.106684 1110505c0 Options.max_bytes_for_level_multiplier_addtl[2]: 1
2019/04/05-11:45:38.106685 1110505c0 Options.max_bytes_for_level_multiplier_addtl[3]: 1
2019/04/05-11:45:38.106686 1110505c0 Options.max_bytes_for_level_multiplier_addtl[4]: 1
2019/04/05-11:45:38.106687 1110505c0 Options.max_bytes_for_level_multiplier_addtl[5]: 1
2019/04/05-11:45:38.106688 1110505c0 Options.max_bytes_for_level_multiplier_addtl[6]: 1
2019/04/05-11:45:38.106689 1110505c0       Options.max_sequential_skip_in_iterations: 8
2019/04/05-11:45:38.106689 1110505c0                    Options.max_compaction_bytes: 1677721600
2019/04/05-11:45:38.106690 1110505c0                        Options.arena_block_size: 303104
2019/04/05-11:45:38.106691 1110505c0   Options.soft_pending_compaction_bytes_limit: 68719476736
2019/04/05-11:45:38.106692 1110505c0   Options.hard_pending_compaction_bytes_limit: 274877906944
2019/04/05-11:45:38.106708 1110505c0       Options.rate_limit_delay_max_milliseconds: 100
2019/04/05-11:45:38.106710 1110505c0                Options.disable_auto_compactions: 0
2019/04/05-11:45:38.106711 1110505c0                        Options.compaction_style: kCompactionStyleLevel
2019/04/05-11:45:38.106713 1110505c0                          Options.compaction_pri: kByCompensatedSize
2019/04/05-11:45:38.106714 1110505c0 Options.compaction_options_universal.size_ratio: 1
2019/04/05-11:45:38.106715 1110505c0 Options.compaction_options_universal.min_merge_width: 2
2019/04/05-11:45:38.106716 1110505c0 Options.compaction_options_universal.max_merge_width: 4294967295
2019/04/05-11:45:38.106717 1110505c0 Options.compaction_options_universal.max_size_amplification_percent: 200
2019/04/05-11:45:38.106718 1110505c0 Options.compaction_options_universal.compression_size_percent: -1
2019/04/05-11:45:38.106720 1110505c0 Options.compaction_options_universal.stop_style: kCompactionStopStyleTotalSize
2019/04/05-11:45:38.106721 1110505c0 Options.compaction_options_fifo.max_table_files_size: 1073741824
2019/04/05-11:45:38.106722 1110505c0 Options.compaction_options_fifo.allow_compaction: 0
2019/04/05-11:45:38.106722 1110505c0 Options.compaction_options_fifo.ttl: 0
2019/04/05-11:45:38.106724 1110505c0                   Options.table_properties_collectors: 
2019/04/05-11:45:38.106725 1110505c0                   Options.inplace_update_support: 0
2019/04/05-11:45:38.106725 1110505c0                 Options.inplace_update_num_locks: 10000
2019/04/05-11:45:38.106726 1110505c0               Options.memtable_prefix_bloom_size_ratio: 0.000000
2019/04/05-11:45:38.106728 1110505c0   Options.memtable_huge_page_size: 0
2019/04/05-11:45:38.106729 1110505c0                           Options.bloom_locality: 0
2019/04/05-11:45:38.106730 1110505c0                    Options.max_successive_merges: 0
2019/04/05-11:45:38.106730 1110505c0                Options.optimize_filters_for_hits: 0
2019/04/05-11:45:38.106731 1110505c0                Options.paranoid_file_checks: 0
2019/04/05-11:45:38.106732 1110505c0                Options.force_consistency_checks: 0
2019/04/05-11:45:38.106733 1110505c0                Options.report_bg_io_stats: 0
2019/04/05-11:45:38.106734 1110505c0                               Options.ttl: 0
2019/04/05-11:45:38.106806 1110505c0 [/Users/luozhiwei/.cargo/registry/src/github.com-1ecc6299db9ec823/parity-rocksdb-sys-0.5.5/rocksdb/db/column_family.cc:475] --------------- Options for column family [col3]:
2019/04/05-11:45:38.106810 1110505c0               Options.comparator: leveldb.BytewiseComparator
2019/04/05-11:45:38.106811 1110505c0           Options.merge_operator: None
2019/04/05-11:45:38.106812 1110505c0        Options.compaction_filter: None
2019/04/05-11:45:38.106813 1110505c0        Options.compaction_filter_factory: None
2019/04/05-11:45:38.106814 1110505c0         Options.memtable_factory: SkipListFactory
2019/04/05-11:45:38.106815 1110505c0            Options.table_factory: BlockBasedTable
2019/04/05-11:45:38.106828 1110505c0            table_factory options:   flush_block_policy_factory: FlushBlockBySizePolicyFactory (0x7fba7575de60)
  cache_index_and_filter_blocks: 1
  cache_index_and_filter_blocks_with_high_priority: 0
  pin_l0_filter_and_index_blocks_in_cache: 1
  index_type: 0
  hash_index_allow_collision: 1
  checksum: 1
  no_block_cache: 0
  block_cache: 0x7fba757b1ea8
  block_cache_name: LRUCache
  block_cache_options:
    capacity : 44739242
    num_shard_bits : 6
    strict_capacity_limit : 0
    high_pri_pool_ratio: 0.000
  block_cache_compressed: 0x0
  persistent_cache: 0x0
  block_size: 16384
  block_size_deviation: 10
  block_restart_interval: 16
  index_block_restart_interval: 1
  metadata_block_size: 4096
  partition_filters: 0
  use_delta_encoding: 1
  filter_policy: nullptr
  whole_key_filtering: 1
  verify_compression: 0
  read_amp_bytes_per_bit: 0
  format_version: 2
  enable_index_compression: 1
  block_align: 0
2019/04/05-11:45:38.106831 1110505c0        Options.write_buffer_size: 2396745
2019/04/05-11:45:38.106850 1110505c0  Options.max_write_buffer_number: 6
2019/04/05-11:45:38.106852 1110505c0          Options.compression: Snappy
2019/04/05-11:45:38.106853 1110505c0                  Options.bottommost_compression: Disabled
2019/04/05-11:45:38.106854 1110505c0       Options.prefix_extractor: nullptr
2019/04/05-11:45:38.106855 1110505c0   Options.memtable_insert_with_hint_prefix_extractor: nullptr
2019/04/05-11:45:38.106856 1110505c0             Options.num_levels: 7
2019/04/05-11:45:38.106857 1110505c0        Options.min_write_buffer_number_to_merge: 2
2019/04/05-11:45:38.106858 1110505c0     Options.max_write_buffer_number_to_maintain: 0
2019/04/05-11:45:38.106859 1110505c0            Options.compression_opts.window_bits: -14
2019/04/05-11:45:38.106860 1110505c0                  Options.compression_opts.level: -1
2019/04/05-11:45:38.106861 1110505c0               Options.compression_opts.strategy: 0
2019/04/05-11:45:38.106862 1110505c0         Options.compression_opts.max_dict_bytes: 0
2019/04/05-11:45:38.106863 1110505c0         Options.compression_opts.zstd_max_train_bytes: 0
2019/04/05-11:45:38.106864 1110505c0      Options.level0_file_num_compaction_trigger: 2
2019/04/05-11:45:38.106865 1110505c0          Options.level0_slowdown_writes_trigger: 20
2019/04/05-11:45:38.106866 1110505c0              Options.level0_stop_writes_trigger: 36
2019/04/05-11:45:38.106866 1110505c0                   Options.target_file_size_base: 67108864
2019/04/05-11:45:38.106867 1110505c0             Options.target_file_size_multiplier: 1
2019/04/05-11:45:38.106868 1110505c0                Options.max_bytes_for_level_base: 9586980
2019/04/05-11:45:38.106869 1110505c0 Options.level_compaction_dynamic_level_bytes: 1
2019/04/05-11:45:38.106870 1110505c0          Options.max_bytes_for_level_multiplier: 10.000000
2019/04/05-11:45:38.106871 1110505c0 Options.max_bytes_for_level_multiplier_addtl[0]: 1
2019/04/05-11:45:38.106872 1110505c0 Options.max_bytes_for_level_multiplier_addtl[1]: 1
2019/04/05-11:45:38.106873 1110505c0 Options.max_bytes_for_level_multiplier_addtl[2]: 1
2019/04/05-11:45:38.106874 1110505c0 Options.max_bytes_for_level_multiplier_addtl[3]: 1
2019/04/05-11:45:38.106875 1110505c0 Options.max_bytes_for_level_multiplier_addtl[4]: 1
2019/04/05-11:45:38.106876 1110505c0 Options.max_bytes_for_level_multiplier_addtl[5]: 1
2019/04/05-11:45:38.106877 1110505c0 Options.max_bytes_for_level_multiplier_addtl[6]: 1
2019/04/05-11:45:38.106878 1110505c0       Options.max_sequential_skip_in_iterations: 8
2019/04/05-11:45:38.106879 1110505c0                    Options.max_compaction_bytes: 1677721600
2019/04/05-11:45:38.106880 1110505c0                        Options.arena_block_size: 303104
2019/04/05-11:45:38.106881 1110505c0   Options.soft_pending_compaction_bytes_limit: 68719476736
2019/04/05-11:45:38.106882 1110505c0   Options.hard_pending_compaction_bytes_limit: 274877906944
2019/04/05-11:45:38.106883 1110505c0       Options.rate_limit_delay_max_milliseconds: 100
