2019/04/23-21:22:33.460063 11c1015c0 RocksDB version: 5.14.3
2019/04/23-21:22:33.461462 11c1015c0 Git sha rocksdb_build_git_sha:@0@
2019/04/23-21:22:33.461467 11c1015c0 Compile date Apr 23 2019
2019/04/23-21:22:33.461472 11c1015c0 DB SUMMARY
2019/04/23-21:22:33.461621 11c1015c0 CURRENT file:  CURRENT
2019/04/23-21:22:33.461624 11c1015c0 IDENTITY file:  IDENTITY
2019/04/23-21:22:33.461634 11c1015c0 MANIFEST file:  MANIFEST-000055 size: 1869 Bytes
2019/04/23-21:22:33.461639 11c1015c0 SST files in ./storage/db dir, Total Num: 5, files: 000037.sst 000038.sst 000039.sst 000040.sst 000060.sst 
2019/04/23-21:22:33.461641 11c1015c0 Write Ahead Log file in ./storage/db: 000057.log size: 20195 ; 
2019/04/23-21:22:33.461643 11c1015c0                         Options.error_if_exists: 0
2019/04/23-21:22:33.461647 11c1015c0                       Options.create_if_missing: 1
2019/04/23-21:22:33.461649 11c1015c0                         Options.paranoid_checks: 1
2019/04/23-21:22:33.461650 11c1015c0                                     Options.env: 0x10d1ac2f0
2019/04/23-21:22:33.461651 11c1015c0                                Options.info_log: 0x7f9efd61ae20
2019/04/23-21:22:33.461652 11c1015c0                Options.max_file_opening_threads: 16
2019/04/23-21:22:33.461653 11c1015c0                              Options.statistics: 0x0
2019/04/23-21:22:33.461654 11c1015c0                               Options.use_fsync: 0
2019/04/23-21:22:33.461655 11c1015c0                       Options.max_log_file_size: 0
2019/04/23-21:22:33.461656 11c1015c0                  Options.max_manifest_file_size: 18446744073709551615
2019/04/23-21:22:33.461657 11c1015c0                   Options.log_file_time_to_roll: 0
2019/04/23-21:22:33.461658 11c1015c0                       Options.keep_log_file_num: 1
2019/04/23-21:22:33.461659 11c1015c0                    Options.recycle_log_file_num: 0
2019/04/23-21:22:33.461660 11c1015c0                         Options.allow_fallocate: 1
2019/04/23-21:22:33.461661 11c1015c0                        Options.allow_mmap_reads: 0
2019/04/23-21:22:33.461662 11c1015c0                       Options.allow_mmap_writes: 0
2019/04/23-21:22:33.461663 11c1015c0                        Options.use_direct_reads: 0
2019/04/23-21:22:33.461664 11c1015c0                        Options.use_direct_io_for_flush_and_compaction: 0
2019/04/23-21:22:33.461664 11c1015c0          Options.create_missing_column_families: 0
2019/04/23-21:22:33.461666 11c1015c0                              Options.db_log_dir: 
2019/04/23-21:22:33.461667 11c1015c0                                 Options.wal_dir: ./storage/db
2019/04/23-21:22:33.461668 11c1015c0                Options.table_cache_numshardbits: 6
2019/04/23-21:22:33.461669 11c1015c0                      Options.max_subcompactions: 1
2019/04/23-21:22:33.461670 11c1015c0                  Options.max_background_flushes: -1
2019/04/23-21:22:33.461671 11c1015c0                         Options.WAL_ttl_seconds: 0
2019/04/23-21:22:33.461672 11c1015c0                       Options.WAL_size_limit_MB: 0
2019/04/23-21:22:33.461673 11c1015c0             Options.manifest_preallocation_size: 4194304
2019/04/23-21:22:33.461674 11c1015c0                     Options.is_fd_close_on_exec: 1
2019/04/23-21:22:33.461675 11c1015c0                   Options.advise_random_on_open: 1
2019/04/23-21:22:33.461676 11c1015c0                    Options.db_write_buffer_size: 4793490
2019/04/23-21:22:33.461677 11c1015c0                    Options.write_buffer_manager: 0x7f9efd61ea50
2019/04/23-21:22:33.461678 11c1015c0         Options.access_hint_on_compaction_start: 1
2019/04/23-21:22:33.461678 11c1015c0  Options.new_table_reader_for_compaction_inputs: 0
2019/04/23-21:22:33.461679 11c1015c0           Options.random_access_max_buffer_size: 1048576
2019/04/23-21:22:33.461680 11c1015c0                      Options.use_adaptive_mutex: 0
2019/04/23-21:22:33.461681 11c1015c0                            Options.rate_limiter: 0x0
2019/04/23-21:22:33.461682 11c1015c0     Options.sst_file_manager.rate_bytes_per_sec: 0
2019/04/23-21:22:33.461683 11c1015c0                       Options.wal_recovery_mode: 2
2019/04/23-21:22:33.461684 11c1015c0                  Options.enable_thread_tracking: 0
2019/04/23-21:22:33.461715 11c1015c0                  Options.enable_pipelined_write: 0
2019/04/23-21:22:33.461717 11c1015c0         Options.allow_concurrent_memtable_write: 1
2019/04/23-21:22:33.461718 11c1015c0      Options.enable_write_thread_adaptive_yield: 1
2019/04/23-21:22:33.461719 11c1015c0             Options.write_thread_max_yield_usec: 100
2019/04/23-21:22:33.461720 11c1015c0            Options.write_thread_slow_yield_usec: 3
2019/04/23-21:22:33.461721 11c1015c0                               Options.row_cache: None
2019/04/23-21:22:33.461722 11c1015c0                              Options.wal_filter: None
2019/04/23-21:22:33.461723 11c1015c0             Options.avoid_flush_during_recovery: 0
2019/04/23-21:22:33.461724 11c1015c0             Options.allow_ingest_behind: 0
2019/04/23-21:22:33.461725 11c1015c0             Options.preserve_deletes: 0
2019/04/23-21:22:33.461726 11c1015c0             Options.two_write_queues: 0
2019/04/23-21:22:33.461727 11c1015c0             Options.manual_wal_flush: 0
2019/04/23-21:22:33.461728 11c1015c0             Options.max_background_jobs: 2
2019/04/23-21:22:33.461729 11c1015c0             Options.max_background_compactions: -1
2019/04/23-21:22:33.461730 11c1015c0             Options.avoid_flush_during_shutdown: 0
2019/04/23-21:22:33.461731 11c1015c0           Options.writable_file_max_buffer_size: 1048576
2019/04/23-21:22:33.461732 11c1015c0             Options.delayed_write_rate : 16777216
2019/04/23-21:22:33.461733 11c1015c0             Options.max_total_wal_size: 0
2019/04/23-21:22:33.461734 11c1015c0             Options.delete_obsolete_files_period_micros: 21600000000
2019/04/23-21:22:33.461735 11c1015c0                   Options.stats_dump_period_sec: 600
2019/04/23-21:22:33.461736 11c1015c0                          Options.max_open_files: 512
2019/04/23-21:22:33.461737 11c1015c0                          Options.bytes_per_sync: 1048576
2019/04/23-21:22:33.461781 11c1015c0                      Options.wal_bytes_per_sync: 0
2019/04/23-21:22:33.461782 11c1015c0       Options.compaction_readahead_size: 0
2019/04/23-21:22:33.461783 11c1015c0 Compression algorithms supported:
2019/04/23-21:22:33.461788 11c1015c0 	kZSTD supported: 0
2019/04/23-21:22:33.461790 11c1015c0 	kZlibCompression supported: 0
2019/04/23-21:22:33.461792 11c1015c0 	kXpressCompression supported: 0
2019/04/23-21:22:33.461793 11c1015c0 	kSnappyCompression supported: 1
2019/04/23-21:22:33.461794 11c1015c0 	kZSTDNotFinalCompression supported: 0
2019/04/23-21:22:33.461796 11c1015c0 	kLZ4HCCompression supported: 0
2019/04/23-21:22:33.461797 11c1015c0 	kLZ4Compression supported: 0
2019/04/23-21:22:33.461798 11c1015c0 	kBZip2Compression supported: 0
2019/04/23-21:22:33.461806 11c1015c0 Fast CRC32 supported: Not supported on x86
2019/04/23-21:22:33.462466 11c1015c0 [/Users/luozhiwei/.cargo/registry/src/github.com-1ecc6299db9ec823/parity-rocksdb-sys-0.5.5/rocksdb/db/version_set.cc:3085] Recovering from manifest file: MANIFEST-000055
2019/04/23-21:22:33.462663 11c1015c0 [/Users/luozhiwei/.cargo/registry/src/github.com-1ecc6299db9ec823/parity-rocksdb-sys-0.5.5/rocksdb/db/column_family.cc:475] --------------- Options for column family [default]:
2019/04/23-21:22:33.462668 11c1015c0               Options.comparator: leveldb.BytewiseComparator
2019/04/23-21:22:33.462673 11c1015c0           Options.merge_operator: None
2019/04/23-21:22:33.462676 11c1015c0        Options.compaction_filter: None
2019/04/23-21:22:33.462677 11c1015c0        Options.compaction_filter_factory: None
2019/04/23-21:22:33.462679 11c1015c0         Options.memtable_factory: SkipListFactory
2019/04/23-21:22:33.462680 11c1015c0            Options.table_factory: BlockBasedTable
2019/04/23-21:22:33.462712 11c1015c0            table_factory options:   flush_block_policy_factory: FlushBlockBySizePolicyFactory (0x7f9efd516210)
  cache_index_and_filter_blocks: 0
  cache_index_and_filter_blocks_with_high_priority: 0
  pin_l0_filter_and_index_blocks_in_cache: 0
  index_type: 0
  hash_index_allow_collision: 1
  checksum: 1
  no_block_cache: 0
  block_cache: 0x7f9efd5169d8
  block_cache_name: LRUCache
  block_cache_options:
    capacity : 8388608
    num_shard_bits : 4
    strict_capacity_limit : 0
    high_pri_pool_ratio: 0.000
  block_cache_compressed: 0x0
  persistent_cache: 0x0
  block_size: 4096
  block_size_deviation: 10
  block_restart_interval: 16
  index_block_restart_interval: 1
  metadata_block_size: 4096
  partition_filters: 0
  use_delta_encoding: 1
  filter_policy: nullptr
  whole_key_filtering: 1
  verify_compression: 0
  read_amp_bytes_per_bit: 0
  format_version: 2
  enable_index_compression: 1
  block_align: 0
2019/04/23-21:22:33.462757 11c1015c0        Options.write_buffer_size: 67108864
2019/04/23-21:22:33.462760 11c1015c0  Options.max_write_buffer_number: 2
2019/04/23-21:22:33.462761 11c1015c0          Options.compression: Snappy
2019/04/23-21:22:33.462763 11c1015c0                  Options.bottommost_compression: Disabled
2019/04/23-21:22:33.462765 11c1015c0       Options.prefix_extractor: nullptr
2019/04/23-21:22:33.462766 11c1015c0   Options.memtable_insert_with_hint_prefix_extractor: nullptr
2019/04/23-21:22:33.462768 11c1015c0             Options.num_levels: 7
2019/04/23-21:22:33.462769 11c1015c0        Options.min_write_buffer_number_to_merge: 1
2019/04/23-21:22:33.462785 11c1015c0     Options.max_write_buffer_number_to_maintain: 0
2019/04/23-21:22:33.462786 11c1015c0            Options.compression_opts.window_bits: -14
2019/04/23-21:22:33.462787 11c1015c0                  Options.compression_opts.level: -1
2019/04/23-21:22:33.462788 11c1015c0               Options.compression_opts.strategy: 0
2019/04/23-21:22:33.462789 11c1015c0         Options.compression_opts.max_dict_bytes: 0
2019/04/23-21:22:33.462790 11c1015c0         Options.compression_opts.zstd_max_train_bytes: 0
2019/04/23-21:22:33.462791 11c1015c0      Options.level0_file_num_compaction_trigger: 4
2019/04/23-21:22:33.462792 11c1015c0          Options.level0_slowdown_writes_trigger: 20
2019/04/23-21:22:33.462793 11c1015c0              Options.level0_stop_writes_trigger: 36
2019/04/23-21:22:33.462794 11c1015c0                   Options.target_file_size_base: 67108864
2019/04/23-21:22:33.462795 11c1015c0             Options.target_file_size_multiplier: 1
2019/04/23-21:22:33.462796 11c1015c0                Options.max_bytes_for_level_base: 268435456
2019/04/23-21:22:33.462797 11c1015c0 Options.level_compaction_dynamic_level_bytes: 0
2019/04/23-21:22:33.462798 11c1015c0          Options.max_bytes_for_level_multiplier: 10.000000
2019/04/23-21:22:33.462800 11c1015c0 Options.max_bytes_for_level_multiplier_addtl[0]: 1
2019/04/23-21:22:33.462801 11c1015c0 Options.max_bytes_for_level_multiplier_addtl[1]: 1
2019/04/23-21:22:33.462802 11c1015c0 Options.max_bytes_for_level_multiplier_addtl[2]: 1
2019/04/23-21:22:33.462803 11c1015c0 Options.max_bytes_for_level_multiplier_addtl[3]: 1
2019/04/23-21:22:33.462804 11c1015c0 Options.max_bytes_for_level_multiplier_addtl[4]: 1
2019/04/23-21:22:33.462805 11c1015c0 Options.max_bytes_for_level_multiplier_addtl[5]: 1
2019/04/23-21:22:33.462806 11c1015c0 Options.max_bytes_for_level_multiplier_addtl[6]: 1
2019/04/23-21:22:33.462807 11c1015c0       Options.max_sequential_skip_in_iterations: 8
2019/04/23-21:22:33.462808 11c1015c0                    Options.max_compaction_bytes: 1677721600
2019/04/23-21:22:33.462809 11c1015c0                        Options.arena_block_size: 8388608
2019/04/23-21:22:33.462810 11c1015c0   Options.soft_pending_compaction_bytes_limit: 68719476736
2019/04/23-21:22:33.462811 11c1015c0   Options.hard_pending_compaction_bytes_limit: 274877906944
2019/04/23-21:22:33.462812 11c1015c0       Options.rate_limit_delay_max_milliseconds: 100
2019/04/23-21:22:33.462813 11c1015c0                Options.disable_auto_compactions: 0
2019/04/23-21:22:33.462815 11c1015c0                        Options.compaction_style: kCompactionStyleLevel
2019/04/23-21:22:33.462821 11c1015c0                          Options.compaction_pri: kByCompensatedSize
2019/04/23-21:22:33.462822 11c1015c0 Options.compaction_options_universal.size_ratio: 1
2019/04/23-21:22:33.462847 11c1015c0 Options.compaction_options_universal.min_merge_width: 2
2019/04/23-21:22:33.462849 11c1015c0 Options.compaction_options_universal.max_merge_width: 4294967295
2019/04/23-21:22:33.462850 11c1015c0 Options.compaction_options_universal.max_size_amplification_percent: 200
2019/04/23-21:22:33.462851 11c1015c0 Options.compaction_options_universal.compression_size_percent: -1
2019/04/23-21:22:33.462854 11c1015c0 Options.compaction_options_universal.stop_style: kCompactionStopStyleTotalSize
2019/04/23-21:22:33.462855 11c1015c0 Options.compaction_options_fifo.max_table_files_size: 1073741824
2019/04/23-21:22:33.462856 11c1015c0 Options.compaction_options_fifo.allow_compaction: 0
2019/04/23-21:22:33.462856 11c1015c0 Options.compaction_options_fifo.ttl: 0
2019/04/23-21:22:33.462858 11c1015c0                   Options.table_properties_collectors: 
2019/04/23-21:22:33.462859 11c1015c0                   Options.inplace_update_support: 0
2019/04/23-21:22:33.462860 11c1015c0                 Options.inplace_update_num_locks: 10000
2019/04/23-21:22:33.462861 11c1015c0               Options.memtable_prefix_bloom_size_ratio: 0.000000
2019/04/23-21:22:33.462862 11c1015c0   Options.memtable_huge_page_size: 0
2019/04/23-21:22:33.462863 11c1015c0                           Options.bloom_locality: 0
2019/04/23-21:22:33.462864 11c1015c0                    Options.max_successive_merges: 0
2019/04/23-21:22:33.462865 11c1015c0                Options.optimize_filters_for_hits: 0
2019/04/23-21:22:33.462866 11c1015c0                Options.paranoid_file_checks: 0
2019/04/23-21:22:33.462867 11c1015c0                Options.force_consistency_checks: 0
2019/04/23-21:22:33.462868 11c1015c0                Options.report_bg_io_stats: 0
2019/04/23-21:22:33.462868 11c1015c0                               Options.ttl: 0
2019/04/23-21:22:33.463138 11c1015c0 [/Users/luozhiwei/.cargo/registry/src/github.com-1ecc6299db9ec823/parity-rocksdb-sys-0.5.5/rocksdb/db/column_family.cc:475] --------------- Options for column family [col0]:
2019/04/23-21:22:33.463142 11c1015c0               Options.comparator: leveldb.BytewiseComparator
2019/04/23-21:22:33.463144 11c1015c0           Options.merge_operator: None
2019/04/23-21:22:33.463145 11c1015c0        Options.compaction_filter: None
2019/04/23-21:22:33.463146 11c1015c0        Options.compaction_filter_factory: None
2019/04/23-21:22:33.463147 11c1015c0         Options.memtable_factory: SkipListFactory
2019/04/23-21:22:33.463148 11c1015c0            Options.table_factory: BlockBasedTable
2019/04/23-21:22:33.463165 11c1015c0            table_factory options:   flush_block_policy_factory: FlushBlockBySizePolicyFactory (0x7f9efd517f60)
  cache_index_and_filter_blocks: 1
  cache_index_and_filter_blocks_with_high_priority: 0
  pin_l0_filter_and_index_blocks_in_cache: 1
  index_type: 0
  hash_index_allow_collision: 1
  checksum: 1
  no_block_cache: 0
  block_cache: 0x7f9efd517358
  block_cache_name: LRUCache
  block_cache_options:
    capacity : 44739242
    num_shard_bits : 6
    strict_capacity_limit : 0
    high_pri_pool_ratio: 0.000
  block_cache_compressed: 0x0
  persistent_cache: 0x0
  block_size: 16384
  block_size_deviation: 10
  block_restart_interval: 16
  index_block_restart_interval: 1
  metadata_block_size: 4096
  partition_filters: 0
  use_delta_encoding: 1
  filter_policy: nullptr
  whole_key_filtering: 1
  verify_compression: 0
  read_amp_bytes_per_bit: 0
  format_version: 2
  enable_index_compression: 1
  block_align: 0
2019/04/23-21:22:33.463169 11c1015c0        Options.write_buffer_size: 2396745
2019/04/23-21:22:33.463171 11c1015c0  Options.max_write_buffer_number: 6
2019/04/23-21:22:33.463172 11c1015c0          Options.compression: Snappy
2019/04/23-21:22:33.463173 11c1015c0                  Options.bottommost_compression: Disabled
2019/04/23-21:22:33.463174 11c1015c0       Options.prefix_extractor: nullptr
2019/04/23-21:22:33.463175 11c1015c0   Options.memtable_insert_with_hint_prefix_extractor: nullptr
2019/04/23-21:22:33.463176 11c1015c0             Options.num_levels: 7
2019/04/23-21:22:33.463205 11c1015c0        Options.min_write_buffer_number_to_merge: 2
2019/04/23-21:22:33.463207 11c1015c0     Options.max_write_buffer_number_to_maintain: 0
2019/04/23-21:22:33.463208 11c1015c0            Options.compression_opts.window_bits: -14
2019/04/23-21:22:33.463209 11c1015c0                  Options.compression_opts.level: -1
2019/04/23-21:22:33.463210 11c1015c0               Options.compression_opts.strategy: 0
2019/04/23-21:22:33.463211 11c1015c0         Options.compression_opts.max_dict_bytes: 0
2019/04/23-21:22:33.463212 11c1015c0         Options.compression_opts.zstd_max_train_bytes: 0
2019/04/23-21:22:33.463213 11c1015c0      Options.level0_file_num_compaction_trigger: 2
2019/04/23-21:22:33.463214 11c1015c0          Options.level0_slowdown_writes_trigger: 20
2019/04/23-21:22:33.463214 11c1015c0              Options.level0_stop_writes_trigger: 36
2019/04/23-21:22:33.463215 11c1015c0                   Options.target_file_size_base: 67108864
2019/04/23-21:22:33.463216 11c1015c0             Options.target_file_size_multiplier: 1
2019/04/23-21:22:33.463217 11c1015c0                Options.max_bytes_for_level_base: 9586980
2019/04/23-21:22:33.463218 11c1015c0 Options.level_compaction_dynamic_level_bytes: 1
2019/04/23-21:22:33.463219 11c1015c0          Options.max_bytes_for_level_multiplier: 10.000000
2019/04/23-21:22:33.463221 11c1015c0 Options.max_bytes_for_level_multiplier_addtl[0]: 1
2019/04/23-21:22:33.463222 11c1015c0 Options.max_bytes_for_level_multiplier_addtl[1]: 1
2019/04/23-21:22:33.463223 11c1015c0 Options.max_bytes_for_level_multiplier_addtl[2]: 1
2019/04/23-21:22:33.463224 11c1015c0 Options.max_bytes_for_level_multiplier_addtl[3]: 1
2019/04/23-21:22:33.463225 11c1015c0 Options.max_bytes_for_level_multiplier_addtl[4]: 1
2019/04/23-21:22:33.463226 11c1015c0 Options.max_bytes_for_level_multiplier_addtl[5]: 1
2019/04/23-21:22:33.463227 11c1015c0 Options.max_bytes_for_level_multiplier_addtl[6]: 1
2019/04/23-21:22:33.463228 11c1015c0       Options.max_sequential_skip_in_iterations: 8
2019/04/23-21:22:33.463228 11c1015c0                    Options.max_compaction_bytes: 1677721600
2019/04/23-21:22:33.463229 11c1015c0                        Options.arena_block_size: 303104
2019/04/23-21:22:33.463230 11c1015c0   Options.soft_pending_compaction_bytes_limit: 68719476736
2019/04/23-21:22:33.463232 11c1015c0   Options.hard_pending_compaction_bytes_limit: 274877906944
2019/04/23-21:22:33.463232 11c1015c0       Options.rate_limit_delay_max_milliseconds: 100
2019/04/23-21:22:33.463233 11c1015c0                Options.disable_auto_compactions: 0
2019/04/23-21:22:33.463236 11c1015c0                        Options.compaction_style: kCompactionStyleLevel
2019/04/23-21:22:33.463237 11c1015c0                          Options.compaction_pri: kByCompensatedSize
2019/04/23-21:22:33.463238 11c1015c0 Options.compaction_options_universal.size_ratio: 1
2019/04/23-21:22:33.463239 11c1015c0 Options.compaction_options_universal.min_merge_width: 2
2019/04/23-21:22:33.463240 11c1015c0 Options.compaction_options_universal.max_merge_width: 4294967295
2019/04/23-21:22:33.463241 11c1015c0 Options.compaction_options_universal.max_size_amplification_percent: 200
2019/04/23-21:22:33.463242 11c1015c0 Options.compaction_options_universal.compression_size_percent: -1
2019/04/23-21:22:33.463244 11c1015c0 Options.compaction_options_universal.stop_style: kCompactionStopStyleTotalSize
2019/04/23-21:22:33.463245 11c1015c0 Options.compaction_options_fifo.max_table_files_size: 1073741824
2019/04/23-21:22:33.463246 11c1015c0 Options.compaction_options_fifo.allow_compaction: 0
2019/04/23-21:22:33.463247 11c1015c0 Options.compaction_options_fifo.ttl: 0
2019/04/23-21:22:33.463248 11c1015c0                   Options.table_properties_collectors: 
2019/04/23-21:22:33.463249 11c1015c0                   Options.inplace_update_support: 0
2019/04/23-21:22:33.463250 11c1015c0                 Options.inplace_update_num_locks: 10000
2019/04/23-21:22:33.463251 11c1015c0               Options.memtable_prefix_bloom_size_ratio: 0.000000
2019/04/23-21:22:33.463268 11c1015c0   Options.memtable_huge_page_size: 0
2019/04/23-21:22:33.463269 11c1015c0                           Options.bloom_locality: 0
2019/04/23-21:22:33.463270 11c1015c0                    Options.max_successive_merges: 0
2019/04/23-21:22:33.463271 11c1015c0                Options.optimize_filters_for_hits: 0
2019/04/23-21:22:33.463272 11c1015c0                Options.paranoid_file_checks: 0
2019/04/23-21:22:33.463273 11c1015c0                Options.force_consistency_checks: 0
2019/04/23-21:22:33.463274 11c1015c0                Options.report_bg_io_stats: 0
2019/04/23-21:22:33.463275 11c1015c0                               Options.ttl: 0
2019/04/23-21:22:33.463385 11c1015c0 [/Users/luozhiwei/.cargo/registry/src/github.com-1ecc6299db9ec823/parity-rocksdb-sys-0.5.5/rocksdb/db/column_family.cc:475] --------------- Options for column family [col1]:
2019/04/23-21:22:33.463389 11c1015c0               Options.comparator: leveldb.BytewiseComparator
2019/04/23-21:22:33.463390 11c1015c0           Options.merge_operator: None
2019/04/23-21:22:33.463391 11c1015c0        Options.compaction_filter: None
2019/04/23-21:22:33.463392 11c1015c0        Options.compaction_filter_factory: None
2019/04/23-21:22:33.463393 11c1015c0         Options.memtable_factory: SkipListFactory
2019/04/23-21:22:33.463394 11c1015c0            Options.table_factory: BlockBasedTable
2019/04/23-21:22:33.463409 11c1015c0            table_factory options:   flush_block_policy_factory: FlushBlockBySizePolicyFactory (0x7f9efd49c460)
  cache_index_and_filter_blocks: 1
  cache_index_and_filter_blocks_with_high_priority: 0
  pin_l0_filter_and_index_blocks_in_cache: 1
  index_type: 0
  hash_index_allow_collision: 1
  checksum: 1
  no_block_cache: 0
  block_cache: 0x7f9efd517358
  block_cache_name: LRUCache
  block_cache_options:
    capacity : 44739242
    num_shard_bits : 6
    strict_capacity_limit : 0
    high_pri_pool_ratio: 0.000
  block_cache_compressed: 0x0
  persistent_cache: 0x0
  block_size: 16384
  block_size_deviation: 10
  block_restart_interval: 16
  index_block_restart_interval: 1
  metadata_block_size: 4096
  partition_filters: 0
  use_delta_encoding: 1
  filter_policy: nullptr
  whole_key_filtering: 1
  verify_compression: 0
  read_amp_bytes_per_bit: 0
  format_version: 2
  enable_index_compression: 1
  block_align: 0
2019/04/23-21:22:33.463412 11c1015c0        Options.write_buffer_size: 2396745
2019/04/23-21:22:33.463413 11c1015c0  Options.max_write_buffer_number: 6
2019/04/23-21:22:33.463414 11c1015c0          Options.compression: Snappy
2019/04/23-21:22:33.463415 11c1015c0                  Options.bottommost_compression: Disabled
2019/04/23-21:22:33.463416 11c1015c0       Options.prefix_extractor: nullptr
2019/04/23-21:22:33.463417 11c1015c0   Options.memtable_insert_with_hint_prefix_extractor: nullptr
2019/04/23-21:22:33.463418 11c1015c0             Options.num_levels: 7
2019/04/23-21:22:33.463419 11c1015c0        Options.min_write_buffer_number_to_merge: 2
2019/04/23-21:22:33.463420 11c1015c0     Options.max_write_buffer_number_to_maintain: 0
2019/04/23-21:22:33.463421 11c1015c0            Options.compression_opts.window_bits: -14
2019/04/23-21:22:33.463422 11c1015c0                  Options.compression_opts.level: -1
2019/04/23-21:22:33.463423 11c1015c0               Options.compression_opts.strategy: 0
2019/04/23-21:22:33.463424 11c1015c0         Options.compression_opts.max_dict_bytes: 0
2019/04/23-21:22:33.463425 11c1015c0         Options.compression_opts.zstd_max_train_bytes: 0
2019/04/23-21:22:33.463426 11c1015c0      Options.level0_file_num_compaction_trigger: 2
2019/04/23-21:22:33.463427 11c1015c0          Options.level0_slowdown_writes_trigger: 20
2019/04/23-21:22:33.463428 11c1015c0              Options.level0_stop_writes_trigger: 36
2019/04/23-21:22:33.463429 11c1015c0                   Options.target_file_size_base: 67108864
2019/04/23-21:22:33.463430 11c1015c0             Options.target_file_size_multiplier: 1
2019/04/23-21:22:33.463431 11c1015c0                Options.max_bytes_for_level_base: 9586980
2019/04/23-21:22:33.463451 11c1015c0 Options.level_compaction_dynamic_level_bytes: 1
2019/04/23-21:22:33.463453 11c1015c0          Options.max_bytes_for_level_multiplier: 10.000000
2019/04/23-21:22:33.463454 11c1015c0 Options.max_bytes_for_level_multiplier_addtl[0]: 1
2019/04/23-21:22:33.463455 11c1015c0 Options.max_bytes_for_level_multiplier_addtl[1]: 1
2019/04/23-21:22:33.463456 11c1015c0 Options.max_bytes_for_level_multiplier_addtl[2]: 1
2019/04/23-21:22:33.463457 11c1015c0 Options.max_bytes_for_level_multiplier_addtl[3]: 1
2019/04/23-21:22:33.463458 11c1015c0 Options.max_bytes_for_level_multiplier_addtl[4]: 1
2019/04/23-21:22:33.463459 11c1015c0 Options.max_bytes_for_level_multiplier_addtl[5]: 1
2019/04/23-21:22:33.463460 11c1015c0 Options.max_bytes_for_level_multiplier_addtl[6]: 1
2019/04/23-21:22:33.463461 11c1015c0       Options.max_sequential_skip_in_iterations: 8
2019/04/23-21:22:33.463462 11c1015c0                    Options.max_compaction_bytes: 1677721600
2019/04/23-21:22:33.463463 11c1015c0                        Options.arena_block_size: 303104
2019/04/23-21:22:33.463464 11c1015c0   Options.soft_pending_compaction_bytes_limit: 68719476736
2019/04/23-21:22:33.463465 11c1015c0   Options.hard_pending_compaction_bytes_limit: 274877906944
2019/04/23-21:22:33.463466 11c1015c0       Options.rate_limit_delay_max_milliseconds: 100
2019/04/23-21:22:33.463467 11c1015c0                Options.disable_auto_compactions: 0
2019/04/23-21:22:33.463468 11c1015c0                        Options.compaction_style: kCompactionStyleLevel
2019/04/23-21:22:33.463470 11c1015c0                          Options.compaction_pri: kByCompensatedSize
2019/04/23-21:22:33.463471 11c1015c0 Options.compaction_options_universal.size_ratio: 1
2019/04/23-21:22:33.463472 11c1015c0 Options.compaction_options_universal.min_merge_width: 2
2019/04/23-21:22:33.463473 11c1015c0 Options.compaction_options_universal.max_merge_width: 4294967295
2019/04/23-21:22:33.463474 11c1015c0 Options.compaction_options_universal.max_size_amplification_percent: 200
2019/04/23-21:22:33.463475 11c1015c0 Options.compaction_options_universal.compression_size_percent: -1
2019/04/23-21:22:33.463477 11c1015c0 Options.compaction_options_universal.stop_style: kCompactionStopStyleTotalSize
2019/04/23-21:22:33.463478 11c1015c0 Options.compaction_options_fifo.max_table_files_size: 1073741824
2019/04/23-21:22:33.463479 11c1015c0 Options.compaction_options_fifo.allow_compaction: 0
2019/04/23-21:22:33.463479 11c1015c0 Options.compaction_options_fifo.ttl: 0
2019/04/23-21:22:33.463481 11c1015c0                   Options.table_properties_collectors: 
2019/04/23-21:22:33.463482 11c1015c0                   Options.inplace_update_support: 0
2019/04/23-21:22:33.463482 11c1015c0                 Options.inplace_update_num_locks: 10000
2019/04/23-21:22:33.463483 11c1015c0               Options.memtable_prefix_bloom_size_ratio: 0.000000
2019/04/23-21:22:33.463484 11c1015c0   Options.memtable_huge_page_size: 0
2019/04/23-21:22:33.463485 11c1015c0                           Options.bloom_locality: 0
2019/04/23-21:22:33.463486 11c1015c0                    Options.max_successive_merges: 0
2019/04/23-21:22:33.463487 11c1015c0                Options.optimize_filters_for_hits: 0
2019/04/23-21:22:33.463488 11c1015c0                Options.paranoid_file_checks: 0
2019/04/23-21:22:33.463489 11c1015c0                Options.force_consistency_checks: 0
2019/04/23-21:22:33.463490 11c1015c0                Options.report_bg_io_stats: 0
2019/04/23-21:22:33.463491 11c1015c0                               Options.ttl: 0
2019/04/23-21:22:33.463579 11c1015c0 [/Users/luozhiwei/.cargo/registry/src/github.com-1ecc6299db9ec823/parity-rocksdb-sys-0.5.5/rocksdb/db/column_family.cc:475] --------------- Options for column family [col2]:
2019/04/23-21:22:33.463582 11c1015c0               Options.comparator: leveldb.BytewiseComparator
2019/04/23-21:22:33.463584 11c1015c0           Options.merge_operator: None
2019/04/23-21:22:33.463585 11c1015c0        Options.compaction_filter: None
2019/04/23-21:22:33.463586 11c1015c0        Options.compaction_filter_factory: None
2019/04/23-21:22:33.463605 11c1015c0         Options.memtable_factory: SkipListFactory
2019/04/23-21:22:33.463607 11c1015c0            Options.table_factory: BlockBasedTable
2019/04/23-21:22:33.463624 11c1015c0            table_factory options:   flush_block_policy_factory: FlushBlockBySizePolicyFactory (0x7f9efd51ad30)
  cache_index_and_filter_blocks: 1
  cache_index_and_filter_blocks_with_high_priority: 0
  pin_l0_filter_and_index_blocks_in_cache: 1
  index_type: 0
  hash_index_allow_collision: 1
  checksum: 1
  no_block_cache: 0
  block_cache: 0x7f9efd517358
  block_cache_name: LRUCache
  block_cache_options:
    capacity : 44739242
    num_shard_bits : 6
    strict_capacity_limit : 0
    high_pri_pool_ratio: 0.000
  block_cache_compressed: 0x0
  persistent_cache: 0x0
  block_size: 16384
  block_size_deviation: 10
  block_restart_interval: 16
  index_block_restart_interval: 1
  metadata_block_size: 4096
  partition_filters: 0
  use_delta_encoding: 1
  filter_policy: nullptr
  whole_key_filtering: 1
  verify_compression: 0
  read_amp_bytes_per_bit: 0
  format_version: 2
  enable_index_compression: 1
  block_align: 0
2019/04/23-21:22:33.463627 11c1015c0        Options.write_buffer_size: 2396745
2019/04/23-21:22:33.463629 11c1015c0  Options.max_write_buffer_number: 6
2019/04/23-21:22:33.463630 11c1015c0          Options.compression: Snappy
2019/04/23-21:22:33.463631 11c1015c0                  Options.bottommost_compression: Disabled
2019/04/23-21:22:33.463632 11c1015c0       Options.prefix_extractor: nullptr
2019/04/23-21:22:33.463633 11c1015c0   Options.memtable_insert_with_hint_prefix_extractor: nullptr
2019/04/23-21:22:33.463634 11c1015c0             Options.num_levels: 7
2019/04/23-21:22:33.463635 11c1015c0        Options.min_write_buffer_number_to_merge: 2
2019/04/23-21:22:33.463636 11c1015c0     Options.max_write_buffer_number_to_maintain: 0
2019/04/23-21:22:33.463637 11c1015c0            Options.compression_opts.window_bits: -14
2019/04/23-21:22:33.463638 11c1015c0                  Options.compression_opts.level: -1
2019/04/23-21:22:33.463639 11c1015c0               Options.compression_opts.strategy: 0
2019/04/23-21:22:33.463640 11c1015c0         Options.compression_opts.max_dict_bytes: 0
2019/04/23-21:22:33.463640 11c1015c0         Options.compression_opts.zstd_max_train_bytes: 0
2019/04/23-21:22:33.463641 11c1015c0      Options.level0_file_num_compaction_trigger: 2
2019/04/23-21:22:33.463642 11c1015c0          Options.level0_slowdown_writes_trigger: 20
2019/04/23-21:22:33.463643 11c1015c0              Options.level0_stop_writes_trigger: 36
2019/04/23-21:22:33.463644 11c1015c0                   Options.target_file_size_base: 67108864
2019/04/23-21:22:33.463645 11c1015c0             Options.target_file_size_multiplier: 1
2019/04/23-21:22:33.463646 11c1015c0                Options.max_bytes_for_level_base: 9586980
2019/04/23-21:22:33.463647 11c1015c0 Options.level_compaction_dynamic_level_bytes: 1
2019/04/23-21:22:33.463648 11c1015c0          Options.max_bytes_for_level_multiplier: 10.000000
2019/04/23-21:22:33.463649 11c1015c0 Options.max_bytes_for_level_multiplier_addtl[0]: 1
2019/04/23-21:22:33.463650 11c1015c0 Options.max_bytes_for_level_multiplier_addtl[1]: 1
2019/04/23-21:22:33.463651 11c1015c0 Options.max_bytes_for_level_multiplier_addtl[2]: 1
2019/04/23-21:22:33.463652 11c1015c0 Options.max_bytes_for_level_multiplier_addtl[3]: 1
2019/04/23-21:22:33.463653 11c1015c0 Options.max_bytes_for_level_multiplier_addtl[4]: 1
2019/04/23-21:22:33.463654 11c1015c0 Options.max_bytes_for_level_multiplier_addtl[5]: 1
2019/04/23-21:22:33.463655 11c1015c0 Options.max_bytes_for_level_multiplier_addtl[6]: 1
2019/04/23-21:22:33.463656 11c1015c0       Options.max_sequential_skip_in_iterations: 8
2019/04/23-21:22:33.463657 11c1015c0                    Options.max_compaction_bytes: 1677721600
2019/04/23-21:22:33.463658 11c1015c0                        Options.arena_block_size: 303104
2019/04/23-21:22:33.463659 11c1015c0   Options.soft_pending_compaction_bytes_limit: 68719476736
2019/04/23-21:22:33.463675 11c1015c0   Options.hard_pending_compaction_bytes_limit: 274877906944
2019/04/23-21:22:33.463676 11c1015c0       Options.rate_limit_delay_max_milliseconds: 100
2019/04/23-21:22:33.463677 11c1015c0                Options.disable_auto_compactions: 0
2019/04/23-21:22:33.463679 11c1015c0                        Options.compaction_style: kCompactionStyleLevel
2019/04/23-21:22:33.463681 11c1015c0                          Options.compaction_pri: kByCompensatedSize
2019/04/23-21:22:33.463681 11c1015c0 Options.compaction_options_universal.size_ratio: 1
2019/04/23-21:22:33.463682 11c1015c0 Options.compaction_options_universal.min_merge_width: 2
2019/04/23-21:22:33.463683 11c1015c0 Options.compaction_options_universal.max_merge_width: 4294967295
2019/04/23-21:22:33.463684 11c1015c0 Options.compaction_options_universal.max_size_amplification_percent: 200
2019/04/23-21:22:33.463685 11c1015c0 Options.compaction_options_universal.compression_size_percent: -1
2019/04/23-21:22:33.463687 11c1015c0 Options.compaction_options_universal.stop_style: kCompactionStopStyleTotalSize
2019/04/23-21:22:33.463688 11c1015c0 Options.compaction_options_fifo.max_table_files_size: 1073741824
2019/04/23-21:22:33.463689 11c1015c0 Options.compaction_options_fifo.allow_compaction: 0
2019/04/23-21:22:33.463690 11c1015c0 Options.compaction_options_fifo.ttl: 0
2019/04/23-21:22:33.463691 11c1015c0                   Options.table_properties_collectors: 
2019/04/23-21:22:33.463692 11c1015c0                   Options.inplace_update_support: 0
2019/04/23-21:22:33.463693 11c1015c0                 Options.inplace_update_num_locks: 10000
2019/04/23-21:22:33.463694 11c1015c0               Options.memtable_prefix_bloom_size_ratio: 0.000000
2019/04/23-21:22:33.463695 11c1015c0   Options.memtable_huge_page_size: 0
2019/04/23-21:22:33.463696 11c1015c0                           Options.bloom_locality: 0
2019/04/23-21:22:33.463697 11c1015c0                    Options.max_successive_merges: 0
2019/04/23-21:22:33.463698 11c1015c0                Options.optimize_filters_for_hits: 0
2019/04/23-21:22:33.463699 11c1015c0                Options.paranoid_file_checks: 0
2019/04/23-21:22:33.463700 11c1015c0                Options.force_consistency_checks: 0
2019/04/23-21:22:33.463701 11c1015c0                Options.report_bg_io_stats: 0
2019/04/23-21:22:33.463702 11c1015c0                               Options.ttl: 0
2019/04/23-21:22:33.463786 11c1015c0 [/Users/luozhiwei/.cargo/registry/src/github.com-1ecc6299db9ec823/parity-rocksdb-sys-0.5.5/rocksdb/db/column_family.cc:475] --------------- Options for column family [col3]:
2019/04/23-21:22:33.463789 11c1015c0               Options.comparator: leveldb.BytewiseComparator
2019/04/23-21:22:33.463790 11c1015c0           Options.merge_operator: None
2019/04/23-21:22:33.463791 11c1015c0        Options.compaction_filter: None
2019/04/23-21:22:33.463792 11c1015c0        Options.compaction_filter_factory: None
2019/04/23-21:22:33.463793 11c1015c0         Options.memtable_factory: SkipListFactory
2019/04/23-21:22:33.463794 11c1015c0            Options.table_factory: BlockBasedTable
2019/04/23-21:22:33.463808 11c1015c0            table_factory options:   flush_block_policy_factory: FlushBlockBySizePolicyFactory (0x7f9efd51b3f0)
  cache_index_and_filter_blocks: 1
  cache_index_and_filter_blocks_with_high_priority: 0
  pin_l0_filter_and_index_blocks_in_cache: 1
  index_type: 0
  hash_index_allow_collision: 1
  checksum: 1
  no_block_cache: 0
  block_cache: 0x7f9efd517358
  block_cache_name: LRUCache
  block_cache_options:
    capacity : 44739242
    num_shard_bits : 6
    strict_capacity_limit : 0
    high_pri_pool_ratio: 0.000
  block_cache_compressed: 0x0
  persistent_cache: 0x0
  block_size: 16384
  block_size_deviation: 10
  block_restart_interval: 16
  index_block_restart_interval: 1
  metadata_block_size: 4096
  partition_filters: 0
  use_delta_encoding: 1
  filter_policy: nullptr
  whole_key_filtering: 1
  verify_compression: 0
  read_amp_bytes_per_bit: 0
  format_version: 2
  enable_index_compression: 1
  block_align: 0
2019/04/23-21:22:33.463829 11c1015c0        Options.write_buffer_size: 2396745
2019/04/23-21:22:33.463831 11c1015c0  Options.max_write_buffer_number: 6
2019/04/23-21:22:33.463832 11c1015c0          Options.compression: Snappy
2019/04/23-21:22:33.463833 11c1015c0                  Options.bottommost_compression: Disabled
2019/04/23-21:22:33.463834 11c1015c0       Options.prefix_extractor: nullptr
2019/04/23-21:22:33.463835 11c1015c0   Options.memtable_insert_with_hint_prefix_extractor: nullptr
2019/04/23-21:22:33.463836 11c1015c0             Options.num_levels: 7
2019/04/23-21:22:33.463837 11c1015c0        Options.min_write_buffer_number_to_merge: 2
2019/04/23-21:22:33.463838 11c1015c0     Options.max_write_buffer_number_to_maintain: 0
2019/04/23-21:22:33.463839 11c1015c0            Options.compression_opts.window_bits: -14
2019/04/23-21:22:33.463840 11c1015c0                  Options.compression_opts.level: -1
2019/04/23-21:22:33.463841 11c1015c0               Options.compression_opts.strategy: 0
2019/04/23-21:22:33.463842 11c1015c0         Options.compression_opts.max_dict_bytes: 0
2019/04/23-21:22:33.463843 11c1015c0         Options.compression_opts.zstd_max_train_bytes: 0
2019/04/23-21:22:33.463844 11c1015c0      Options.level0_file_num_compaction_trigger: 2
2019/04/23-21:22:33.463845 11c1015c0          Options.level0_slowdown_writes_trigger: 20
2019/04/23-21:22:33.463846 11c1015c0              Options.level0_stop_writes_trigger: 36
2019/04/23-21:22:33.463847 11c1015c0                   Options.target_file_size_base: 67108864
2019/04/23-21:22:33.463848 11c1015c0             Options.target_file_size_multiplier: 1
2019/04/23-21:22:33.463849 11c1015c0                Options.max_bytes_for_level_base: 9586980
2019/04/23-21:22:33.463849 11c1015c0 Options.level_compaction_dynamic_level_bytes: 1
2019/04/23-21:22:33.463850 11c1015c0          Options.max_bytes_for_level_multiplier: 10.000000
2019/04/23-21:22:33.463852 11c1015c0 Options.max_bytes_for_level_multiplier_addtl[0]: 1
2019/04/23-21:22:33.463853 11c1015c0 Options.max_bytes_for_level_multiplier_addtl[1]: 1
2019/04/23-21:22:33.463854 11c1015c0 Options.max_bytes_for_level_multiplier_addtl[2]: 1
2019/04/23-21:22:33.463855 11c1015c0 Options.max_bytes_for_level_multiplier_addtl[3]: 1
2019/04/23-21:22:33.463856 11c1015c0 Options.max_bytes_for_level_multiplier_addtl[4]: 1
2019/04/23-21:22:33.463857 11c1015c0 Options.max_bytes_for_level_multiplier_addtl[5]: 1
2019/04/23-21:22:33.463858 11c1015c0 Options.max_bytes_for_level_multiplier_addtl[6]: 1
2019/04/23-21:22:33.463859 11c1015c0       Options.max_sequential_skip_in_iterations: 8
2019/04/23-21:22:33.463859 11c1015c0                    Options.max_compaction_bytes: 1677721600
2019/04/23-21:22:33.463860 11c1015c0                        Options.arena_block_size: 303104
2019/04/23-21:22:33.463861 11c1015c0   Options.soft_pending_compaction_bytes_limit: 68719476736
2019/04/23-21:22:33.463862 11c1015c0   Options.hard_pending_compaction_bytes_limit: 274877906944
