2019/04/25-18:07:47.352463 10ef2c5c0 RocksDB version: 5.14.3
2019/04/25-18:07:47.354270 10ef2c5c0 Git sha rocksdb_build_git_sha:@0@
2019/04/25-18:07:47.354277 10ef2c5c0 Compile date Apr 23 2019
2019/04/25-18:07:47.354286 10ef2c5c0 DB SUMMARY
2019/04/25-18:07:47.354515 10ef2c5c0 CURRENT file:  CURRENT
2019/04/25-18:07:47.354520 10ef2c5c0 IDENTITY file:  IDENTITY
2019/04/25-18:07:47.354533 10ef2c5c0 MANIFEST file:  MANIFEST-000084 size: 1668 Bytes
2019/04/25-18:07:47.354540 10ef2c5c0 SST files in ./storage/db dir, Total Num: 6, files: 000037.sst 000038.sst 000039.sst 000040.sst 000082.sst 000085.sst 
2019/04/25-18:07:47.354543 10ef2c5c0 Write Ahead Log file in ./storage/db: 000086.log size: 20195 ; 
2019/04/25-18:07:47.354548 10ef2c5c0                         Options.error_if_exists: 0
2019/04/25-18:07:47.354555 10ef2c5c0                       Options.create_if_missing: 1
2019/04/25-18:07:47.354557 10ef2c5c0                         Options.paranoid_checks: 1
2019/04/25-18:07:47.354559 10ef2c5c0                                     Options.env: 0x10aa342f0
2019/04/25-18:07:47.354561 10ef2c5c0                                Options.info_log: 0x7fdd324a6940
2019/04/25-18:07:47.354563 10ef2c5c0                Options.max_file_opening_threads: 16
2019/04/25-18:07:47.354564 10ef2c5c0                              Options.statistics: 0x0
2019/04/25-18:07:47.354566 10ef2c5c0                               Options.use_fsync: 0
2019/04/25-18:07:47.354567 10ef2c5c0                       Options.max_log_file_size: 0
2019/04/25-18:07:47.354569 10ef2c5c0                  Options.max_manifest_file_size: 18446744073709551615
2019/04/25-18:07:47.354571 10ef2c5c0                   Options.log_file_time_to_roll: 0
2019/04/25-18:07:47.354572 10ef2c5c0                       Options.keep_log_file_num: 1
2019/04/25-18:07:47.354573 10ef2c5c0                    Options.recycle_log_file_num: 0
2019/04/25-18:07:47.354575 10ef2c5c0                         Options.allow_fallocate: 1
2019/04/25-18:07:47.354576 10ef2c5c0                        Options.allow_mmap_reads: 0
2019/04/25-18:07:47.354578 10ef2c5c0                       Options.allow_mmap_writes: 0
2019/04/25-18:07:47.354579 10ef2c5c0                        Options.use_direct_reads: 0
2019/04/25-18:07:47.354581 10ef2c5c0                        Options.use_direct_io_for_flush_and_compaction: 0
2019/04/25-18:07:47.354582 10ef2c5c0          Options.create_missing_column_families: 0
2019/04/25-18:07:47.354584 10ef2c5c0                              Options.db_log_dir: 
2019/04/25-18:07:47.354585 10ef2c5c0                                 Options.wal_dir: ./storage/db
2019/04/25-18:07:47.354587 10ef2c5c0                Options.table_cache_numshardbits: 6
2019/04/25-18:07:47.354588 10ef2c5c0                      Options.max_subcompactions: 1
2019/04/25-18:07:47.354590 10ef2c5c0                  Options.max_background_flushes: -1
2019/04/25-18:07:47.354591 10ef2c5c0                         Options.WAL_ttl_seconds: 0
2019/04/25-18:07:47.354593 10ef2c5c0                       Options.WAL_size_limit_MB: 0
2019/04/25-18:07:47.354594 10ef2c5c0             Options.manifest_preallocation_size: 4194304
2019/04/25-18:07:47.354596 10ef2c5c0                     Options.is_fd_close_on_exec: 1
2019/04/25-18:07:47.354597 10ef2c5c0                   Options.advise_random_on_open: 1
2019/04/25-18:07:47.354599 10ef2c5c0                    Options.db_write_buffer_size: 4793490
2019/04/25-18:07:47.354600 10ef2c5c0                    Options.write_buffer_manager: 0x7fdd324a5e60
2019/04/25-18:07:47.354602 10ef2c5c0         Options.access_hint_on_compaction_start: 1
2019/04/25-18:07:47.354603 10ef2c5c0  Options.new_table_reader_for_compaction_inputs: 0
2019/04/25-18:07:47.354605 10ef2c5c0           Options.random_access_max_buffer_size: 1048576
2019/04/25-18:07:47.354606 10ef2c5c0                      Options.use_adaptive_mutex: 0
2019/04/25-18:07:47.354607 10ef2c5c0                            Options.rate_limiter: 0x0
2019/04/25-18:07:47.354609 10ef2c5c0     Options.sst_file_manager.rate_bytes_per_sec: 0
2019/04/25-18:07:47.354611 10ef2c5c0                       Options.wal_recovery_mode: 2
2019/04/25-18:07:47.354655 10ef2c5c0                  Options.enable_thread_tracking: 0
2019/04/25-18:07:47.354658 10ef2c5c0                  Options.enable_pipelined_write: 0
2019/04/25-18:07:47.354659 10ef2c5c0         Options.allow_concurrent_memtable_write: 1
2019/04/25-18:07:47.354660 10ef2c5c0      Options.enable_write_thread_adaptive_yield: 1
2019/04/25-18:07:47.354662 10ef2c5c0             Options.write_thread_max_yield_usec: 100
2019/04/25-18:07:47.354663 10ef2c5c0            Options.write_thread_slow_yield_usec: 3
2019/04/25-18:07:47.354665 10ef2c5c0                               Options.row_cache: None
2019/04/25-18:07:47.354667 10ef2c5c0                              Options.wal_filter: None
2019/04/25-18:07:47.354668 10ef2c5c0             Options.avoid_flush_during_recovery: 0
2019/04/25-18:07:47.354670 10ef2c5c0             Options.allow_ingest_behind: 0
2019/04/25-18:07:47.354671 10ef2c5c0             Options.preserve_deletes: 0
2019/04/25-18:07:47.354673 10ef2c5c0             Options.two_write_queues: 0
2019/04/25-18:07:47.354674 10ef2c5c0             Options.manual_wal_flush: 0
2019/04/25-18:07:47.354675 10ef2c5c0             Options.max_background_jobs: 2
2019/04/25-18:07:47.354677 10ef2c5c0             Options.max_background_compactions: -1
2019/04/25-18:07:47.354678 10ef2c5c0             Options.avoid_flush_during_shutdown: 0
2019/04/25-18:07:47.354680 10ef2c5c0           Options.writable_file_max_buffer_size: 1048576
2019/04/25-18:07:47.354681 10ef2c5c0             Options.delayed_write_rate : 16777216
2019/04/25-18:07:47.354683 10ef2c5c0             Options.max_total_wal_size: 0
2019/04/25-18:07:47.354684 10ef2c5c0             Options.delete_obsolete_files_period_micros: 21600000000
2019/04/25-18:07:47.354686 10ef2c5c0                   Options.stats_dump_period_sec: 600
2019/04/25-18:07:47.354688 10ef2c5c0                          Options.max_open_files: 512
2019/04/25-18:07:47.354689 10ef2c5c0                          Options.bytes_per_sync: 1048576
2019/04/25-18:07:47.354691 10ef2c5c0                      Options.wal_bytes_per_sync: 0
2019/04/25-18:07:47.354692 10ef2c5c0       Options.compaction_readahead_size: 0
2019/04/25-18:07:47.354694 10ef2c5c0 Compression algorithms supported:
2019/04/25-18:07:47.354702 10ef2c5c0 	kZSTD supported: 0
2019/04/25-18:07:47.354705 10ef2c5c0 	kZlibCompression supported: 0
2019/04/25-18:07:47.354707 10ef2c5c0 	kXpressCompression supported: 0
2019/04/25-18:07:47.354709 10ef2c5c0 	kSnappyCompression supported: 1
2019/04/25-18:07:47.354710 10ef2c5c0 	kZSTDNotFinalCompression supported: 0
2019/04/25-18:07:47.354712 10ef2c5c0 	kLZ4HCCompression supported: 0
2019/04/25-18:07:47.354714 10ef2c5c0 	kLZ4Compression supported: 0
2019/04/25-18:07:47.354715 10ef2c5c0 	kBZip2Compression supported: 0
2019/04/25-18:07:47.354725 10ef2c5c0 Fast CRC32 supported: Not supported on x86
2019/04/25-18:07:47.355572 10ef2c5c0 [/Users/luozhiwei/.cargo/registry/src/github.com-1ecc6299db9ec823/parity-rocksdb-sys-0.5.5/rocksdb/db/version_set.cc:3085] Recovering from manifest file: MANIFEST-000084
2019/04/25-18:07:47.355769 10ef2c5c0 [/Users/luozhiwei/.cargo/registry/src/github.com-1ecc6299db9ec823/parity-rocksdb-sys-0.5.5/rocksdb/db/column_family.cc:475] --------------- Options for column family [default]:
2019/04/25-18:07:47.355775 10ef2c5c0               Options.comparator: leveldb.BytewiseComparator
2019/04/25-18:07:47.355782 10ef2c5c0           Options.merge_operator: None
2019/04/25-18:07:47.355784 10ef2c5c0        Options.compaction_filter: None
2019/04/25-18:07:47.355785 10ef2c5c0        Options.compaction_filter_factory: None
2019/04/25-18:07:47.355787 10ef2c5c0         Options.memtable_factory: SkipListFactory
2019/04/25-18:07:47.355789 10ef2c5c0            Options.table_factory: BlockBasedTable
2019/04/25-18:07:47.355829 10ef2c5c0            table_factory options:   flush_block_policy_factory: FlushBlockBySizePolicyFactory (0x7fdd324652b0)
  cache_index_and_filter_blocks: 0
  cache_index_and_filter_blocks_with_high_priority: 0
  pin_l0_filter_and_index_blocks_in_cache: 0
  index_type: 0
  hash_index_allow_collision: 1
  checksum: 1
  no_block_cache: 0
  block_cache: 0x7fdd324a2878
  block_cache_name: LRUCache
  block_cache_options:
    capacity : 8388608
    num_shard_bits : 4
    strict_capacity_limit : 0
    high_pri_pool_ratio: 0.000
  block_cache_compressed: 0x0
  persistent_cache: 0x0
  block_size: 4096
  block_size_deviation: 10
  block_restart_interval: 16
  index_block_restart_interval: 1
  metadata_block_size: 4096
  partition_filters: 0
  use_delta_encoding: 1
  filter_policy: nullptr
  whole_key_filtering: 1
  verify_compression: 0
  read_amp_bytes_per_bit: 0
  format_version: 2
  enable_index_compression: 1
  block_align: 0
2019/04/25-18:07:47.355880 10ef2c5c0        Options.write_buffer_size: 67108864
2019/04/25-18:07:47.355883 10ef2c5c0  Options.max_write_buffer_number: 2
2019/04/25-18:07:47.355886 10ef2c5c0          Options.compression: Snappy
2019/04/25-18:07:47.355887 10ef2c5c0                  Options.bottommost_compression: Disabled
2019/04/25-18:07:47.355889 10ef2c5c0       Options.prefix_extractor: nullptr
2019/04/25-18:07:47.355891 10ef2c5c0   Options.memtable_insert_with_hint_prefix_extractor: nullptr
2019/04/25-18:07:47.355892 10ef2c5c0             Options.num_levels: 7
2019/04/25-18:07:47.355894 10ef2c5c0        Options.min_write_buffer_number_to_merge: 1
2019/04/25-18:07:47.355895 10ef2c5c0     Options.max_write_buffer_number_to_maintain: 0
2019/04/25-18:07:47.355897 10ef2c5c0            Options.compression_opts.window_bits: -14
2019/04/25-18:07:47.355898 10ef2c5c0                  Options.compression_opts.level: -1
2019/04/25-18:07:47.355900 10ef2c5c0               Options.compression_opts.strategy: 0
2019/04/25-18:07:47.355901 10ef2c5c0         Options.compression_opts.max_dict_bytes: 0
2019/04/25-18:07:47.355903 10ef2c5c0         Options.compression_opts.zstd_max_train_bytes: 0
2019/04/25-18:07:47.355904 10ef2c5c0      Options.level0_file_num_compaction_trigger: 4
2019/04/25-18:07:47.355906 10ef2c5c0          Options.level0_slowdown_writes_trigger: 20
2019/04/25-18:07:47.355907 10ef2c5c0              Options.level0_stop_writes_trigger: 36
2019/04/25-18:07:47.355909 10ef2c5c0                   Options.target_file_size_base: 67108864
2019/04/25-18:07:47.355910 10ef2c5c0             Options.target_file_size_multiplier: 1
2019/04/25-18:07:47.355912 10ef2c5c0                Options.max_bytes_for_level_base: 268435456
2019/04/25-18:07:47.355913 10ef2c5c0 Options.level_compaction_dynamic_level_bytes: 0
2019/04/25-18:07:47.355915 10ef2c5c0          Options.max_bytes_for_level_multiplier: 10.000000
2019/04/25-18:07:47.355918 10ef2c5c0 Options.max_bytes_for_level_multiplier_addtl[0]: 1
2019/04/25-18:07:47.355920 10ef2c5c0 Options.max_bytes_for_level_multiplier_addtl[1]: 1
2019/04/25-18:07:47.355922 10ef2c5c0 Options.max_bytes_for_level_multiplier_addtl[2]: 1
2019/04/25-18:07:47.355923 10ef2c5c0 Options.max_bytes_for_level_multiplier_addtl[3]: 1
2019/04/25-18:07:47.355925 10ef2c5c0 Options.max_bytes_for_level_multiplier_addtl[4]: 1
2019/04/25-18:07:47.355926 10ef2c5c0 Options.max_bytes_for_level_multiplier_addtl[5]: 1
2019/04/25-18:07:47.355928 10ef2c5c0 Options.max_bytes_for_level_multiplier_addtl[6]: 1
2019/04/25-18:07:47.355929 10ef2c5c0       Options.max_sequential_skip_in_iterations: 8
2019/04/25-18:07:47.355931 10ef2c5c0                    Options.max_compaction_bytes: 1677721600
2019/04/25-18:07:47.355932 10ef2c5c0                        Options.arena_block_size: 8388608
2019/04/25-18:07:47.355934 10ef2c5c0   Options.soft_pending_compaction_bytes_limit: 68719476736
2019/04/25-18:07:47.355935 10ef2c5c0   Options.hard_pending_compaction_bytes_limit: 274877906944
2019/04/25-18:07:47.355937 10ef2c5c0       Options.rate_limit_delay_max_milliseconds: 100
2019/04/25-18:07:47.355938 10ef2c5c0                Options.disable_auto_compactions: 0
2019/04/25-18:07:47.355941 10ef2c5c0                        Options.compaction_style: kCompactionStyleLevel
2019/04/25-18:07:47.355949 10ef2c5c0                          Options.compaction_pri: kByCompensatedSize
2019/04/25-18:07:47.355951 10ef2c5c0 Options.compaction_options_universal.size_ratio: 1
2019/04/25-18:07:47.355979 10ef2c5c0 Options.compaction_options_universal.min_merge_width: 2
2019/04/25-18:07:47.355982 10ef2c5c0 Options.compaction_options_universal.max_merge_width: 4294967295
2019/04/25-18:07:47.355983 10ef2c5c0 Options.compaction_options_universal.max_size_amplification_percent: 200
2019/04/25-18:07:47.355985 10ef2c5c0 Options.compaction_options_universal.compression_size_percent: -1
2019/04/25-18:07:47.355989 10ef2c5c0 Options.compaction_options_universal.stop_style: kCompactionStopStyleTotalSize
2019/04/25-18:07:47.355990 10ef2c5c0 Options.compaction_options_fifo.max_table_files_size: 1073741824
2019/04/25-18:07:47.355992 10ef2c5c0 Options.compaction_options_fifo.allow_compaction: 0
2019/04/25-18:07:47.355994 10ef2c5c0 Options.compaction_options_fifo.ttl: 0
2019/04/25-18:07:47.355995 10ef2c5c0                   Options.table_properties_collectors: 
2019/04/25-18:07:47.355997 10ef2c5c0                   Options.inplace_update_support: 0
2019/04/25-18:07:47.355998 10ef2c5c0                 Options.inplace_update_num_locks: 10000
2019/04/25-18:07:47.356000 10ef2c5c0               Options.memtable_prefix_bloom_size_ratio: 0.000000
2019/04/25-18:07:47.356002 10ef2c5c0   Options.memtable_huge_page_size: 0
2019/04/25-18:07:47.356003 10ef2c5c0                           Options.bloom_locality: 0
2019/04/25-18:07:47.356005 10ef2c5c0                    Options.max_successive_merges: 0
2019/04/25-18:07:47.356006 10ef2c5c0                Options.optimize_filters_for_hits: 0
2019/04/25-18:07:47.356008 10ef2c5c0                Options.paranoid_file_checks: 0
2019/04/25-18:07:47.356009 10ef2c5c0                Options.force_consistency_checks: 0
2019/04/25-18:07:47.356011 10ef2c5c0                Options.report_bg_io_stats: 0
2019/04/25-18:07:47.356012 10ef2c5c0                               Options.ttl: 0
2019/04/25-18:07:47.356766 10ef2c5c0 [/Users/luozhiwei/.cargo/registry/src/github.com-1ecc6299db9ec823/parity-rocksdb-sys-0.5.5/rocksdb/db/column_family.cc:475] --------------- Options for column family [col0]:
2019/04/25-18:07:47.356773 10ef2c5c0               Options.comparator: leveldb.BytewiseComparator
2019/04/25-18:07:47.356776 10ef2c5c0           Options.merge_operator: None
2019/04/25-18:07:47.356778 10ef2c5c0        Options.compaction_filter: None
2019/04/25-18:07:47.356779 10ef2c5c0        Options.compaction_filter_factory: None
2019/04/25-18:07:47.356781 10ef2c5c0         Options.memtable_factory: SkipListFactory
2019/04/25-18:07:47.356783 10ef2c5c0            Options.table_factory: BlockBasedTable
2019/04/25-18:07:47.356808 10ef2c5c0            table_factory options:   flush_block_policy_factory: FlushBlockBySizePolicyFactory (0x7fdd324a3ec0)
  cache_index_and_filter_blocks: 1
  cache_index_and_filter_blocks_with_high_priority: 0
  pin_l0_filter_and_index_blocks_in_cache: 1
  index_type: 0
  hash_index_allow_collision: 1
  checksum: 1
  no_block_cache: 0
  block_cache: 0x7fdd32720818
  block_cache_name: LRUCache
  block_cache_options:
    capacity : 44739242
    num_shard_bits : 6
    strict_capacity_limit : 0
    high_pri_pool_ratio: 0.000
  block_cache_compressed: 0x0
  persistent_cache: 0x0
  block_size: 16384
  block_size_deviation: 10
  block_restart_interval: 16
  index_block_restart_interval: 1
  metadata_block_size: 4096
  partition_filters: 0
  use_delta_encoding: 1
  filter_policy: nullptr
  whole_key_filtering: 1
  verify_compression: 0
  read_amp_bytes_per_bit: 0
  format_version: 2
  enable_index_compression: 1
  block_align: 0
2019/04/25-18:07:47.356814 10ef2c5c0        Options.write_buffer_size: 2396745
2019/04/25-18:07:47.356816 10ef2c5c0  Options.max_write_buffer_number: 6
2019/04/25-18:07:47.356818 10ef2c5c0          Options.compression: Snappy
2019/04/25-18:07:47.356820 10ef2c5c0                  Options.bottommost_compression: Disabled
2019/04/25-18:07:47.356822 10ef2c5c0       Options.prefix_extractor: nullptr
2019/04/25-18:07:47.356823 10ef2c5c0   Options.memtable_insert_with_hint_prefix_extractor: nullptr
2019/04/25-18:07:47.356825 10ef2c5c0             Options.num_levels: 7
2019/04/25-18:07:47.356867 10ef2c5c0        Options.min_write_buffer_number_to_merge: 2
2019/04/25-18:07:47.356870 10ef2c5c0     Options.max_write_buffer_number_to_maintain: 0
2019/04/25-18:07:47.356871 10ef2c5c0            Options.compression_opts.window_bits: -14
2019/04/25-18:07:47.356873 10ef2c5c0                  Options.compression_opts.level: -1
2019/04/25-18:07:47.356874 10ef2c5c0               Options.compression_opts.strategy: 0
2019/04/25-18:07:47.356876 10ef2c5c0         Options.compression_opts.max_dict_bytes: 0
2019/04/25-18:07:47.356877 10ef2c5c0         Options.compression_opts.zstd_max_train_bytes: 0
2019/04/25-18:07:47.356879 10ef2c5c0      Options.level0_file_num_compaction_trigger: 2
2019/04/25-18:07:47.356880 10ef2c5c0          Options.level0_slowdown_writes_trigger: 20
2019/04/25-18:07:47.356882 10ef2c5c0              Options.level0_stop_writes_trigger: 36
2019/04/25-18:07:47.356883 10ef2c5c0                   Options.target_file_size_base: 67108864
2019/04/25-18:07:47.356885 10ef2c5c0             Options.target_file_size_multiplier: 1
2019/04/25-18:07:47.356886 10ef2c5c0                Options.max_bytes_for_level_base: 9586980
2019/04/25-18:07:47.356888 10ef2c5c0 Options.level_compaction_dynamic_level_bytes: 1
2019/04/25-18:07:47.356889 10ef2c5c0          Options.max_bytes_for_level_multiplier: 10.000000
2019/04/25-18:07:47.356892 10ef2c5c0 Options.max_bytes_for_level_multiplier_addtl[0]: 1
2019/04/25-18:07:47.356894 10ef2c5c0 Options.max_bytes_for_level_multiplier_addtl[1]: 1
2019/04/25-18:07:47.356895 10ef2c5c0 Options.max_bytes_for_level_multiplier_addtl[2]: 1
2019/04/25-18:07:47.356897 10ef2c5c0 Options.max_bytes_for_level_multiplier_addtl[3]: 1
2019/04/25-18:07:47.356898 10ef2c5c0 Options.max_bytes_for_level_multiplier_addtl[4]: 1
2019/04/25-18:07:47.356900 10ef2c5c0 Options.max_bytes_for_level_multiplier_addtl[5]: 1
2019/04/25-18:07:47.356901 10ef2c5c0 Options.max_bytes_for_level_multiplier_addtl[6]: 1
2019/04/25-18:07:47.356903 10ef2c5c0       Options.max_sequential_skip_in_iterations: 8
2019/04/25-18:07:47.356904 10ef2c5c0                    Options.max_compaction_bytes: 1677721600
2019/04/25-18:07:47.356906 10ef2c5c0                        Options.arena_block_size: 303104
2019/04/25-18:07:47.356907 10ef2c5c0   Options.soft_pending_compaction_bytes_limit: 68719476736
2019/04/25-18:07:47.356909 10ef2c5c0   Options.hard_pending_compaction_bytes_limit: 274877906944
2019/04/25-18:07:47.356911 10ef2c5c0       Options.rate_limit_delay_max_milliseconds: 100
2019/04/25-18:07:47.356912 10ef2c5c0                Options.disable_auto_compactions: 0
2019/04/25-18:07:47.356915 10ef2c5c0                        Options.compaction_style: kCompactionStyleLevel
2019/04/25-18:07:47.356918 10ef2c5c0                          Options.compaction_pri: kByCompensatedSize
2019/04/25-18:07:47.356919 10ef2c5c0 Options.compaction_options_universal.size_ratio: 1
2019/04/25-18:07:47.356921 10ef2c5c0 Options.compaction_options_universal.min_merge_width: 2
2019/04/25-18:07:47.356923 10ef2c5c0 Options.compaction_options_universal.max_merge_width: 4294967295
2019/04/25-18:07:47.356924 10ef2c5c0 Options.compaction_options_universal.max_size_amplification_percent: 200
2019/04/25-18:07:47.356926 10ef2c5c0 Options.compaction_options_universal.compression_size_percent: -1
2019/04/25-18:07:47.356929 10ef2c5c0 Options.compaction_options_universal.stop_style: kCompactionStopStyleTotalSize
2019/04/25-18:07:47.356930 10ef2c5c0 Options.compaction_options_fifo.max_table_files_size: 1073741824
2019/04/25-18:07:47.356932 10ef2c5c0 Options.compaction_options_fifo.allow_compaction: 0
2019/04/25-18:07:47.356933 10ef2c5c0 Options.compaction_options_fifo.ttl: 0
2019/04/25-18:07:47.356935 10ef2c5c0                   Options.table_properties_collectors: 
2019/04/25-18:07:47.356937 10ef2c5c0                   Options.inplace_update_support: 0
2019/04/25-18:07:47.356938 10ef2c5c0                 Options.inplace_update_num_locks: 10000
2019/04/25-18:07:47.356940 10ef2c5c0               Options.memtable_prefix_bloom_size_ratio: 0.000000
2019/04/25-18:07:47.356967 10ef2c5c0   Options.memtable_huge_page_size: 0
2019/04/25-18:07:47.356970 10ef2c5c0                           Options.bloom_locality: 0
2019/04/25-18:07:47.356971 10ef2c5c0                    Options.max_successive_merges: 0
2019/04/25-18:07:47.356973 10ef2c5c0                Options.optimize_filters_for_hits: 0
2019/04/25-18:07:47.356974 10ef2c5c0                Options.paranoid_file_checks: 0
2019/04/25-18:07:47.356976 10ef2c5c0                Options.force_consistency_checks: 0
2019/04/25-18:07:47.356977 10ef2c5c0                Options.report_bg_io_stats: 0
2019/04/25-18:07:47.356979 10ef2c5c0                               Options.ttl: 0
2019/04/25-18:07:47.357141 10ef2c5c0 [/Users/luozhiwei/.cargo/registry/src/github.com-1ecc6299db9ec823/parity-rocksdb-sys-0.5.5/rocksdb/db/column_family.cc:475] --------------- Options for column family [col1]:
2019/04/25-18:07:47.357147 10ef2c5c0               Options.comparator: leveldb.BytewiseComparator
2019/04/25-18:07:47.357148 10ef2c5c0           Options.merge_operator: None
2019/04/25-18:07:47.357150 10ef2c5c0        Options.compaction_filter: None
2019/04/25-18:07:47.357151 10ef2c5c0        Options.compaction_filter_factory: None
2019/04/25-18:07:47.357153 10ef2c5c0         Options.memtable_factory: SkipListFactory
2019/04/25-18:07:47.357155 10ef2c5c0            Options.table_factory: BlockBasedTable
2019/04/25-18:07:47.357177 10ef2c5c0            table_factory options:   flush_block_policy_factory: FlushBlockBySizePolicyFactory (0x7fdd32431890)
  cache_index_and_filter_blocks: 1
  cache_index_and_filter_blocks_with_high_priority: 0
  pin_l0_filter_and_index_blocks_in_cache: 1
  index_type: 0
  hash_index_allow_collision: 1
  checksum: 1
  no_block_cache: 0
  block_cache: 0x7fdd32720818
  block_cache_name: LRUCache
  block_cache_options:
    capacity : 44739242
    num_shard_bits : 6
    strict_capacity_limit : 0
    high_pri_pool_ratio: 0.000
  block_cache_compressed: 0x0
  persistent_cache: 0x0
  block_size: 16384
  block_size_deviation: 10
  block_restart_interval: 16
  index_block_restart_interval: 1
  metadata_block_size: 4096
  partition_filters: 0
  use_delta_encoding: 1
  filter_policy: nullptr
  whole_key_filtering: 1
  verify_compression: 0
  read_amp_bytes_per_bit: 0
  format_version: 2
  enable_index_compression: 1
  block_align: 0
2019/04/25-18:07:47.357183 10ef2c5c0        Options.write_buffer_size: 2396745
2019/04/25-18:07:47.357185 10ef2c5c0  Options.max_write_buffer_number: 6
2019/04/25-18:07:47.357187 10ef2c5c0          Options.compression: Snappy
2019/04/25-18:07:47.357188 10ef2c5c0                  Options.bottommost_compression: Disabled
2019/04/25-18:07:47.357190 10ef2c5c0       Options.prefix_extractor: nullptr
2019/04/25-18:07:47.357192 10ef2c5c0   Options.memtable_insert_with_hint_prefix_extractor: nullptr
2019/04/25-18:07:47.357193 10ef2c5c0             Options.num_levels: 7
2019/04/25-18:07:47.357195 10ef2c5c0        Options.min_write_buffer_number_to_merge: 2
2019/04/25-18:07:47.357196 10ef2c5c0     Options.max_write_buffer_number_to_maintain: 0
2019/04/25-18:07:47.357198 10ef2c5c0            Options.compression_opts.window_bits: -14
2019/04/25-18:07:47.357199 10ef2c5c0                  Options.compression_opts.level: -1
2019/04/25-18:07:47.357201 10ef2c5c0               Options.compression_opts.strategy: 0
2019/04/25-18:07:47.357202 10ef2c5c0         Options.compression_opts.max_dict_bytes: 0
2019/04/25-18:07:47.357204 10ef2c5c0         Options.compression_opts.zstd_max_train_bytes: 0
2019/04/25-18:07:47.357205 10ef2c5c0      Options.level0_file_num_compaction_trigger: 2
2019/04/25-18:07:47.357207 10ef2c5c0          Options.level0_slowdown_writes_trigger: 20
2019/04/25-18:07:47.357208 10ef2c5c0              Options.level0_stop_writes_trigger: 36
2019/04/25-18:07:47.357210 10ef2c5c0                   Options.target_file_size_base: 67108864
2019/04/25-18:07:47.357211 10ef2c5c0             Options.target_file_size_multiplier: 1
2019/04/25-18:07:47.357213 10ef2c5c0                Options.max_bytes_for_level_base: 9586980
2019/04/25-18:07:47.357245 10ef2c5c0 Options.level_compaction_dynamic_level_bytes: 1
2019/04/25-18:07:47.357248 10ef2c5c0          Options.max_bytes_for_level_multiplier: 10.000000
2019/04/25-18:07:47.357250 10ef2c5c0 Options.max_bytes_for_level_multiplier_addtl[0]: 1
2019/04/25-18:07:47.357251 10ef2c5c0 Options.max_bytes_for_level_multiplier_addtl[1]: 1
2019/04/25-18:07:47.357253 10ef2c5c0 Options.max_bytes_for_level_multiplier_addtl[2]: 1
2019/04/25-18:07:47.357255 10ef2c5c0 Options.max_bytes_for_level_multiplier_addtl[3]: 1
2019/04/25-18:07:47.357256 10ef2c5c0 Options.max_bytes_for_level_multiplier_addtl[4]: 1
2019/04/25-18:07:47.357258 10ef2c5c0 Options.max_bytes_for_level_multiplier_addtl[5]: 1
2019/04/25-18:07:47.357259 10ef2c5c0 Options.max_bytes_for_level_multiplier_addtl[6]: 1
2019/04/25-18:07:47.357261 10ef2c5c0       Options.max_sequential_skip_in_iterations: 8
2019/04/25-18:07:47.357262 10ef2c5c0                    Options.max_compaction_bytes: 1677721600
2019/04/25-18:07:47.357264 10ef2c5c0                        Options.arena_block_size: 303104
2019/04/25-18:07:47.357265 10ef2c5c0   Options.soft_pending_compaction_bytes_limit: 68719476736
2019/04/25-18:07:47.357267 10ef2c5c0   Options.hard_pending_compaction_bytes_limit: 274877906944
2019/04/25-18:07:47.357268 10ef2c5c0       Options.rate_limit_delay_max_milliseconds: 100
2019/04/25-18:07:47.357270 10ef2c5c0                Options.disable_auto_compactions: 0
2019/04/25-18:07:47.357273 10ef2c5c0                        Options.compaction_style: kCompactionStyleLevel
2019/04/25-18:07:47.357275 10ef2c5c0                          Options.compaction_pri: kByCompensatedSize
2019/04/25-18:07:47.357277 10ef2c5c0 Options.compaction_options_universal.size_ratio: 1
2019/04/25-18:07:47.357278 10ef2c5c0 Options.compaction_options_universal.min_merge_width: 2
2019/04/25-18:07:47.357280 10ef2c5c0 Options.compaction_options_universal.max_merge_width: 4294967295
2019/04/25-18:07:47.357281 10ef2c5c0 Options.compaction_options_universal.max_size_amplification_percent: 200
2019/04/25-18:07:47.357283 10ef2c5c0 Options.compaction_options_universal.compression_size_percent: -1
2019/04/25-18:07:47.357286 10ef2c5c0 Options.compaction_options_universal.stop_style: kCompactionStopStyleTotalSize
2019/04/25-18:07:47.357287 10ef2c5c0 Options.compaction_options_fifo.max_table_files_size: 1073741824
2019/04/25-18:07:47.357289 10ef2c5c0 Options.compaction_options_fifo.allow_compaction: 0
2019/04/25-18:07:47.357290 10ef2c5c0 Options.compaction_options_fifo.ttl: 0
2019/04/25-18:07:47.357292 10ef2c5c0                   Options.table_properties_collectors: 
2019/04/25-18:07:47.357294 10ef2c5c0                   Options.inplace_update_support: 0
2019/04/25-18:07:47.357295 10ef2c5c0                 Options.inplace_update_num_locks: 10000
2019/04/25-18:07:47.357297 10ef2c5c0               Options.memtable_prefix_bloom_size_ratio: 0.000000
2019/04/25-18:07:47.357298 10ef2c5c0   Options.memtable_huge_page_size: 0
2019/04/25-18:07:47.357300 10ef2c5c0                           Options.bloom_locality: 0
2019/04/25-18:07:47.357301 10ef2c5c0                    Options.max_successive_merges: 0
2019/04/25-18:07:47.357303 10ef2c5c0                Options.optimize_filters_for_hits: 0
2019/04/25-18:07:47.357304 10ef2c5c0                Options.paranoid_file_checks: 0
2019/04/25-18:07:47.357306 10ef2c5c0                Options.force_consistency_checks: 0
2019/04/25-18:07:47.357307 10ef2c5c0                Options.report_bg_io_stats: 0
2019/04/25-18:07:47.357309 10ef2c5c0                               Options.ttl: 0
2019/04/25-18:07:47.357449 10ef2c5c0 [/Users/luozhiwei/.cargo/registry/src/github.com-1ecc6299db9ec823/parity-rocksdb-sys-0.5.5/rocksdb/db/column_family.cc:475] --------------- Options for column family [col2]:
2019/04/25-18:07:47.357455 10ef2c5c0               Options.comparator: leveldb.BytewiseComparator
2019/04/25-18:07:47.357456 10ef2c5c0           Options.merge_operator: None
2019/04/25-18:07:47.357458 10ef2c5c0        Options.compaction_filter: None
2019/04/25-18:07:47.357490 10ef2c5c0        Options.compaction_filter_factory: None
2019/04/25-18:07:47.357493 10ef2c5c0         Options.memtable_factory: SkipListFactory
2019/04/25-18:07:47.357494 10ef2c5c0            Options.table_factory: BlockBasedTable
2019/04/25-18:07:47.357517 10ef2c5c0            table_factory options:   flush_block_policy_factory: FlushBlockBySizePolicyFactory (0x7fdd324347e0)
  cache_index_and_filter_blocks: 1
  cache_index_and_filter_blocks_with_high_priority: 0
  pin_l0_filter_and_index_blocks_in_cache: 1
  index_type: 0
  hash_index_allow_collision: 1
  checksum: 1
  no_block_cache: 0
  block_cache: 0x7fdd32720818
  block_cache_name: LRUCache
  block_cache_options:
    capacity : 44739242
    num_shard_bits : 6
    strict_capacity_limit : 0
    high_pri_pool_ratio: 0.000
  block_cache_compressed: 0x0
  persistent_cache: 0x0
  block_size: 16384
  block_size_deviation: 10
  block_restart_interval: 16
  index_block_restart_interval: 1
  metadata_block_size: 4096
  partition_filters: 0
  use_delta_encoding: 1
  filter_policy: nullptr
  whole_key_filtering: 1
  verify_compression: 0
  read_amp_bytes_per_bit: 0
  format_version: 2
  enable_index_compression: 1
  block_align: 0
2019/04/25-18:07:47.357522 10ef2c5c0        Options.write_buffer_size: 2396745
2019/04/25-18:07:47.357524 10ef2c5c0  Options.max_write_buffer_number: 6
2019/04/25-18:07:47.357526 10ef2c5c0          Options.compression: Snappy
2019/04/25-18:07:47.357528 10ef2c5c0                  Options.bottommost_compression: Disabled
2019/04/25-18:07:47.357529 10ef2c5c0       Options.prefix_extractor: nullptr
2019/04/25-18:07:47.357531 10ef2c5c0   Options.memtable_insert_with_hint_prefix_extractor: nullptr
2019/04/25-18:07:47.357532 10ef2c5c0             Options.num_levels: 7
2019/04/25-18:07:47.357534 10ef2c5c0        Options.min_write_buffer_number_to_merge: 2
2019/04/25-18:07:47.357535 10ef2c5c0     Options.max_write_buffer_number_to_maintain: 0
2019/04/25-18:07:47.357537 10ef2c5c0            Options.compression_opts.window_bits: -14
2019/04/25-18:07:47.357538 10ef2c5c0                  Options.compression_opts.level: -1
2019/04/25-18:07:47.357540 10ef2c5c0               Options.compression_opts.strategy: 0
2019/04/25-18:07:47.357541 10ef2c5c0         Options.compression_opts.max_dict_bytes: 0
2019/04/25-18:07:47.357543 10ef2c5c0         Options.compression_opts.zstd_max_train_bytes: 0
2019/04/25-18:07:47.357544 10ef2c5c0      Options.level0_file_num_compaction_trigger: 2
2019/04/25-18:07:47.357546 10ef2c5c0          Options.level0_slowdown_writes_trigger: 20
2019/04/25-18:07:47.357547 10ef2c5c0              Options.level0_stop_writes_trigger: 36
2019/04/25-18:07:47.357549 10ef2c5c0                   Options.target_file_size_base: 67108864
2019/04/25-18:07:47.357550 10ef2c5c0             Options.target_file_size_multiplier: 1
2019/04/25-18:07:47.357552 10ef2c5c0                Options.max_bytes_for_level_base: 9586980
2019/04/25-18:07:47.357553 10ef2c5c0 Options.level_compaction_dynamic_level_bytes: 1
2019/04/25-18:07:47.357555 10ef2c5c0          Options.max_bytes_for_level_multiplier: 10.000000
2019/04/25-18:07:47.357557 10ef2c5c0 Options.max_bytes_for_level_multiplier_addtl[0]: 1
2019/04/25-18:07:47.357558 10ef2c5c0 Options.max_bytes_for_level_multiplier_addtl[1]: 1
2019/04/25-18:07:47.357560 10ef2c5c0 Options.max_bytes_for_level_multiplier_addtl[2]: 1
2019/04/25-18:07:47.357561 10ef2c5c0 Options.max_bytes_for_level_multiplier_addtl[3]: 1
2019/04/25-18:07:47.357563 10ef2c5c0 Options.max_bytes_for_level_multiplier_addtl[4]: 1
2019/04/25-18:07:47.357564 10ef2c5c0 Options.max_bytes_for_level_multiplier_addtl[5]: 1
2019/04/25-18:07:47.357566 10ef2c5c0 Options.max_bytes_for_level_multiplier_addtl[6]: 1
2019/04/25-18:07:47.357567 10ef2c5c0       Options.max_sequential_skip_in_iterations: 8
2019/04/25-18:07:47.357569 10ef2c5c0                    Options.max_compaction_bytes: 1677721600
2019/04/25-18:07:47.357570 10ef2c5c0                        Options.arena_block_size: 303104
2019/04/25-18:07:47.357572 10ef2c5c0   Options.soft_pending_compaction_bytes_limit: 68719476736
2019/04/25-18:07:47.357598 10ef2c5c0   Options.hard_pending_compaction_bytes_limit: 274877906944
2019/04/25-18:07:47.357601 10ef2c5c0       Options.rate_limit_delay_max_milliseconds: 100
2019/04/25-18:07:47.357602 10ef2c5c0                Options.disable_auto_compactions: 0
2019/04/25-18:07:47.357605 10ef2c5c0                        Options.compaction_style: kCompactionStyleLevel
2019/04/25-18:07:47.357608 10ef2c5c0                          Options.compaction_pri: kByCompensatedSize
2019/04/25-18:07:47.357609 10ef2c5c0 Options.compaction_options_universal.size_ratio: 1
2019/04/25-18:07:47.357611 10ef2c5c0 Options.compaction_options_universal.min_merge_width: 2
2019/04/25-18:07:47.357612 10ef2c5c0 Options.compaction_options_universal.max_merge_width: 4294967295
2019/04/25-18:07:47.357614 10ef2c5c0 Options.compaction_options_universal.max_size_amplification_percent: 200
2019/04/25-18:07:47.357615 10ef2c5c0 Options.compaction_options_universal.compression_size_percent: -1
2019/04/25-18:07:47.357618 10ef2c5c0 Options.compaction_options_universal.stop_style: kCompactionStopStyleTotalSize
2019/04/25-18:07:47.357620 10ef2c5c0 Options.compaction_options_fifo.max_table_files_size: 1073741824
2019/04/25-18:07:47.357621 10ef2c5c0 Options.compaction_options_fifo.allow_compaction: 0
2019/04/25-18:07:47.357623 10ef2c5c0 Options.compaction_options_fifo.ttl: 0
2019/04/25-18:07:47.357624 10ef2c5c0                   Options.table_properties_collectors: 
2019/04/25-18:07:47.357626 10ef2c5c0                   Options.inplace_update_support: 0
2019/04/25-18:07:47.357627 10ef2c5c0                 Options.inplace_update_num_locks: 10000
2019/04/25-18:07:47.357629 10ef2c5c0               Options.memtable_prefix_bloom_size_ratio: 0.000000
2019/04/25-18:07:47.357631 10ef2c5c0   Options.memtable_huge_page_size: 0
2019/04/25-18:07:47.357632 10ef2c5c0                           Options.bloom_locality: 0
2019/04/25-18:07:47.357634 10ef2c5c0                    Options.max_successive_merges: 0
2019/04/25-18:07:47.357635 10ef2c5c0                Options.optimize_filters_for_hits: 0
2019/04/25-18:07:47.357637 10ef2c5c0                Options.paranoid_file_checks: 0
2019/04/25-18:07:47.357638 10ef2c5c0                Options.force_consistency_checks: 0
2019/04/25-18:07:47.357640 10ef2c5c0                Options.report_bg_io_stats: 0
2019/04/25-18:07:47.357641 10ef2c5c0                               Options.ttl: 0
2019/04/25-18:07:47.357773 10ef2c5c0 [/Users/luozhiwei/.cargo/registry/src/github.com-1ecc6299db9ec823/parity-rocksdb-sys-0.5.5/rocksdb/db/column_family.cc:475] --------------- Options for column family [col3]:
2019/04/25-18:07:47.357778 10ef2c5c0               Options.comparator: leveldb.BytewiseComparator
2019/04/25-18:07:47.357779 10ef2c5c0           Options.merge_operator: None
2019/04/25-18:07:47.357781 10ef2c5c0        Options.compaction_filter: None
2019/04/25-18:07:47.357783 10ef2c5c0        Options.compaction_filter_factory: None
2019/04/25-18:07:47.357784 10ef2c5c0         Options.memtable_factory: SkipListFactory
2019/04/25-18:07:47.357786 10ef2c5c0            Options.table_factory: BlockBasedTable
2019/04/25-18:07:47.357806 10ef2c5c0            table_factory options:   flush_block_policy_factory: FlushBlockBySizePolicyFactory (0x7fdd324a4320)
  cache_index_and_filter_blocks: 1
  cache_index_and_filter_blocks_with_high_priority: 0
  pin_l0_filter_and_index_blocks_in_cache: 1
  index_type: 0
  hash_index_allow_collision: 1
  checksum: 1
  no_block_cache: 0
  block_cache: 0x7fdd32720818
  block_cache_name: LRUCache
  block_cache_options:
    capacity : 44739242
    num_shard_bits : 6
    strict_capacity_limit : 0
    high_pri_pool_ratio: 0.000
  block_cache_compressed: 0x0
  persistent_cache: 0x0
  block_size: 16384
  block_size_deviation: 10
  block_restart_interval: 16
  index_block_restart_interval: 1
  metadata_block_size: 4096
  partition_filters: 0
  use_delta_encoding: 1
  filter_policy: nullptr
  whole_key_filtering: 1
  verify_compression: 0
  read_amp_bytes_per_bit: 0
  format_version: 2
  enable_index_compression: 1
  block_align: 0
2019/04/25-18:07:47.357841 10ef2c5c0        Options.write_buffer_size: 2396745
2019/04/25-18:07:47.357844 10ef2c5c0  Options.max_write_buffer_number: 6
2019/04/25-18:07:47.357846 10ef2c5c0          Options.compression: Snappy
2019/04/25-18:07:47.357848 10ef2c5c0                  Options.bottommost_compression: Disabled
2019/04/25-18:07:47.357849 10ef2c5c0       Options.prefix_extractor: nullptr
2019/04/25-18:07:47.357851 10ef2c5c0   Options.memtable_insert_with_hint_prefix_extractor: nullptr
2019/04/25-18:07:47.357852 10ef2c5c0             Options.num_levels: 7
2019/04/25-18:07:47.357854 10ef2c5c0        Options.min_write_buffer_number_to_merge: 2
2019/04/25-18:07:47.357855 10ef2c5c0     Options.max_write_buffer_number_to_maintain: 0
2019/04/25-18:07:47.357857 10ef2c5c0            Options.compression_opts.window_bits: -14
2019/04/25-18:07:47.357858 10ef2c5c0                  Options.compression_opts.level: -1
2019/04/25-18:07:47.357860 10ef2c5c0               Options.compression_opts.strategy: 0
2019/04/25-18:07:47.357861 10ef2c5c0         Options.compression_opts.max_dict_bytes: 0
2019/04/25-18:07:47.357863 10ef2c5c0         Options.compression_opts.zstd_max_train_bytes: 0
2019/04/25-18:07:47.357864 10ef2c5c0      Options.level0_file_num_compaction_trigger: 2
2019/04/25-18:07:47.357866 10ef2c5c0          Options.level0_slowdown_writes_trigger: 20
2019/04/25-18:07:47.357867 10ef2c5c0              Options.level0_stop_writes_trigger: 36
2019/04/25-18:07:47.357869 10ef2c5c0                   Options.target_file_size_base: 67108864
2019/04/25-18:07:47.357870 10ef2c5c0             Options.target_file_size_multiplier: 1
2019/04/25-18:07:47.357872 10ef2c5c0                Options.max_bytes_for_level_base: 9586980
2019/04/25-18:07:47.357873 10ef2c5c0 Options.level_compaction_dynamic_level_bytes: 1
2019/04/25-18:07:47.357875 10ef2c5c0          Options.max_bytes_for_level_multiplier: 10.000000
2019/04/25-18:07:47.357877 10ef2c5c0 Options.max_bytes_for_level_multiplier_addtl[0]: 1
2019/04/25-18:07:47.357878 10ef2c5c0 Options.max_bytes_for_level_multiplier_addtl[1]: 1
2019/04/25-18:07:47.357880 10ef2c5c0 Options.max_bytes_for_level_multiplier_addtl[2]: 1
2019/04/25-18:07:47.357881 10ef2c5c0 Options.max_bytes_for_level_multiplier_addtl[3]: 1
2019/04/25-18:07:47.357883 10ef2c5c0 Options.max_bytes_for_level_multiplier_addtl[4]: 1
2019/04/25-18:07:47.357884 10ef2c5c0 Options.max_bytes_for_level_multiplier_addtl[5]: 1
2019/04/25-18:07:47.357886 10ef2c5c0 Options.max_bytes_for_level_multiplier_addtl[6]: 1
2019/04/25-18:07:47.357887 10ef2c5c0       Options.max_sequential_skip_in_iterations: 8
2019/04/25-18:07:47.357889 10ef2c5c0                    Options.max_compaction_bytes: 1677721600
2019/04/25-18:07:47.357890 10ef2c5c0                        Options.arena_block_size: 303104
2019/04/25-18:07:47.357892 10ef2c5c0   Options.soft_pending_compaction_bytes_limit: 68719476736
2019/04/25-18:07:47.357893 10ef2c5c0   Options.hard_pending_compaction_bytes_limit: 274877906944
