2019/04/23-12:21:43.786923 10f0df5c0 RocksDB version: 5.14.3
2019/04/23-12:21:43.786988 10f0df5c0 Git sha rocksdb_build_git_sha:@0@
2019/04/23-12:21:43.786991 10f0df5c0 Compile date Apr 23 2019
2019/04/23-12:21:43.786994 10f0df5c0 DB SUMMARY
2019/04/23-12:21:43.787117 10f0df5c0 CURRENT file:  CURRENT
2019/04/23-12:21:43.787121 10f0df5c0 IDENTITY file:  IDENTITY
2019/04/23-12:21:43.787133 10f0df5c0 MANIFEST file:  MANIFEST-000001 size: 13 Bytes
2019/04/23-12:21:43.787136 10f0df5c0 SST files in ./storage/db dir, Total Num: 0, files: 
2019/04/23-12:21:43.787139 10f0df5c0 Write Ahead Log file in ./storage/db: 000003.log size: 0 ; 
2019/04/23-12:21:43.787142 10f0df5c0                         Options.error_if_exists: 0
2019/04/23-12:21:43.787144 10f0df5c0                       Options.create_if_missing: 1
2019/04/23-12:21:43.787145 10f0df5c0                         Options.paranoid_checks: 1
2019/04/23-12:21:43.787147 10f0df5c0                                     Options.env: 0x1051ea2f0
2019/04/23-12:21:43.787148 10f0df5c0                                Options.info_log: 0x7f8e1774e210
2019/04/23-12:21:43.787150 10f0df5c0                Options.max_file_opening_threads: 16
2019/04/23-12:21:43.787152 10f0df5c0                              Options.statistics: 0x0
2019/04/23-12:21:43.787153 10f0df5c0                               Options.use_fsync: 0
2019/04/23-12:21:43.787154 10f0df5c0                       Options.max_log_file_size: 0
2019/04/23-12:21:43.787156 10f0df5c0                  Options.max_manifest_file_size: 18446744073709551615
2019/04/23-12:21:43.787157 10f0df5c0                   Options.log_file_time_to_roll: 0
2019/04/23-12:21:43.787159 10f0df5c0                       Options.keep_log_file_num: 1
2019/04/23-12:21:43.787160 10f0df5c0                    Options.recycle_log_file_num: 0
2019/04/23-12:21:43.787162 10f0df5c0                         Options.allow_fallocate: 1
2019/04/23-12:21:43.787163 10f0df5c0                        Options.allow_mmap_reads: 0
2019/04/23-12:21:43.787164 10f0df5c0                       Options.allow_mmap_writes: 0
2019/04/23-12:21:43.787166 10f0df5c0                        Options.use_direct_reads: 0
2019/04/23-12:21:43.787167 10f0df5c0                        Options.use_direct_io_for_flush_and_compaction: 0
2019/04/23-12:21:43.787169 10f0df5c0          Options.create_missing_column_families: 0
2019/04/23-12:21:43.787170 10f0df5c0                              Options.db_log_dir: 
2019/04/23-12:21:43.787172 10f0df5c0                                 Options.wal_dir: ./storage/db
2019/04/23-12:21:43.787173 10f0df5c0                Options.table_cache_numshardbits: 6
2019/04/23-12:21:43.787175 10f0df5c0                      Options.max_subcompactions: 1
2019/04/23-12:21:43.787176 10f0df5c0                  Options.max_background_flushes: -1
2019/04/23-12:21:43.787178 10f0df5c0                         Options.WAL_ttl_seconds: 0
2019/04/23-12:21:43.787179 10f0df5c0                       Options.WAL_size_limit_MB: 0
2019/04/23-12:21:43.787180 10f0df5c0             Options.manifest_preallocation_size: 4194304
2019/04/23-12:21:43.787182 10f0df5c0                     Options.is_fd_close_on_exec: 1
2019/04/23-12:21:43.787183 10f0df5c0                   Options.advise_random_on_open: 1
2019/04/23-12:21:43.787185 10f0df5c0                    Options.db_write_buffer_size: 4793490
2019/04/23-12:21:43.787186 10f0df5c0                    Options.write_buffer_manager: 0x7f8e1774e280
2019/04/23-12:21:43.787188 10f0df5c0         Options.access_hint_on_compaction_start: 1
2019/04/23-12:21:43.787189 10f0df5c0  Options.new_table_reader_for_compaction_inputs: 0
2019/04/23-12:21:43.787190 10f0df5c0           Options.random_access_max_buffer_size: 1048576
2019/04/23-12:21:43.787192 10f0df5c0                      Options.use_adaptive_mutex: 0
2019/04/23-12:21:43.787193 10f0df5c0                            Options.rate_limiter: 0x0
2019/04/23-12:21:43.787194 10f0df5c0     Options.sst_file_manager.rate_bytes_per_sec: 0
2019/04/23-12:21:43.787196 10f0df5c0                       Options.wal_recovery_mode: 2
2019/04/23-12:21:43.787197 10f0df5c0                  Options.enable_thread_tracking: 0
2019/04/23-12:21:43.787238 10f0df5c0                  Options.enable_pipelined_write: 0
2019/04/23-12:21:43.787240 10f0df5c0         Options.allow_concurrent_memtable_write: 1
2019/04/23-12:21:43.787241 10f0df5c0      Options.enable_write_thread_adaptive_yield: 1
2019/04/23-12:21:43.787243 10f0df5c0             Options.write_thread_max_yield_usec: 100
2019/04/23-12:21:43.787244 10f0df5c0            Options.write_thread_slow_yield_usec: 3
2019/04/23-12:21:43.787246 10f0df5c0                               Options.row_cache: None
2019/04/23-12:21:43.787247 10f0df5c0                              Options.wal_filter: None
2019/04/23-12:21:43.787249 10f0df5c0             Options.avoid_flush_during_recovery: 0
2019/04/23-12:21:43.787250 10f0df5c0             Options.allow_ingest_behind: 0
2019/04/23-12:21:43.787251 10f0df5c0             Options.preserve_deletes: 0
2019/04/23-12:21:43.787253 10f0df5c0             Options.two_write_queues: 0
2019/04/23-12:21:43.787254 10f0df5c0             Options.manual_wal_flush: 0
2019/04/23-12:21:43.787256 10f0df5c0             Options.max_background_jobs: 2
2019/04/23-12:21:43.787257 10f0df5c0             Options.max_background_compactions: -1
2019/04/23-12:21:43.787258 10f0df5c0             Options.avoid_flush_during_shutdown: 0
2019/04/23-12:21:43.787260 10f0df5c0           Options.writable_file_max_buffer_size: 1048576
2019/04/23-12:21:43.787261 10f0df5c0             Options.delayed_write_rate : 16777216
2019/04/23-12:21:43.787263 10f0df5c0             Options.max_total_wal_size: 0
2019/04/23-12:21:43.787264 10f0df5c0             Options.delete_obsolete_files_period_micros: 21600000000
2019/04/23-12:21:43.787265 10f0df5c0                   Options.stats_dump_period_sec: 600
2019/04/23-12:21:43.787267 10f0df5c0                          Options.max_open_files: 512
2019/04/23-12:21:43.787268 10f0df5c0                          Options.bytes_per_sync: 1048576
2019/04/23-12:21:43.787270 10f0df5c0                      Options.wal_bytes_per_sync: 0
2019/04/23-12:21:43.787271 10f0df5c0       Options.compaction_readahead_size: 0
2019/04/23-12:21:43.787273 10f0df5c0 Compression algorithms supported:
2019/04/23-12:21:43.787275 10f0df5c0 	kZSTD supported: 0
2019/04/23-12:21:43.787277 10f0df5c0 	kZlibCompression supported: 0
2019/04/23-12:21:43.787279 10f0df5c0 	kXpressCompression supported: 0
2019/04/23-12:21:43.787281 10f0df5c0 	kSnappyCompression supported: 1
2019/04/23-12:21:43.787282 10f0df5c0 	kZSTDNotFinalCompression supported: 0
2019/04/23-12:21:43.787284 10f0df5c0 	kLZ4HCCompression supported: 0
2019/04/23-12:21:43.787286 10f0df5c0 	kLZ4Compression supported: 0
2019/04/23-12:21:43.787287 10f0df5c0 	kBZip2Compression supported: 0
2019/04/23-12:21:43.787290 10f0df5c0 Fast CRC32 supported: Not supported on x86
2019/04/23-12:21:43.787478 10f0df5c0 [/Users/luozhiwei/.cargo/registry/src/github.com-1ecc6299db9ec823/parity-rocksdb-sys-0.5.5/rocksdb/db/version_set.cc:3085] Recovering from manifest file: MANIFEST-000001
2019/04/23-12:21:43.787561 10f0df5c0 [/Users/luozhiwei/.cargo/registry/src/github.com-1ecc6299db9ec823/parity-rocksdb-sys-0.5.5/rocksdb/db/column_family.cc:475] --------------- Options for column family [default]:
2019/04/23-12:21:43.787565 10f0df5c0               Options.comparator: leveldb.BytewiseComparator
2019/04/23-12:21:43.787567 10f0df5c0           Options.merge_operator: None
2019/04/23-12:21:43.787569 10f0df5c0        Options.compaction_filter: None
2019/04/23-12:21:43.787570 10f0df5c0        Options.compaction_filter_factory: None
2019/04/23-12:21:43.787571 10f0df5c0         Options.memtable_factory: SkipListFactory
2019/04/23-12:21:43.787573 10f0df5c0            Options.table_factory: BlockBasedTable
2019/04/23-12:21:43.787618 10f0df5c0            table_factory options:   flush_block_policy_factory: FlushBlockBySizePolicyFactory (0x7f8e1743d940)
  cache_index_and_filter_blocks: 0
  cache_index_and_filter_blocks_with_high_priority: 0
  pin_l0_filter_and_index_blocks_in_cache: 0
  index_type: 0
  hash_index_allow_collision: 1
  checksum: 1
  no_block_cache: 0
  block_cache: 0x7f8e1743f068
  block_cache_name: LRUCache
  block_cache_options:
    capacity : 8388608
    num_shard_bits : 4
    strict_capacity_limit : 0
    high_pri_pool_ratio: 0.000
  block_cache_compressed: 0x0
  persistent_cache: 0x0
  block_size: 4096
  block_size_deviation: 10
  block_restart_interval: 16
  index_block_restart_interval: 1
  metadata_block_size: 4096
  partition_filters: 0
  use_delta_encoding: 1
  filter_policy: nullptr
  whole_key_filtering: 1
  verify_compression: 0
  read_amp_bytes_per_bit: 0
  format_version: 2
  enable_index_compression: 1
  block_align: 0
2019/04/23-12:21:43.787652 10f0df5c0        Options.write_buffer_size: 67108864
2019/04/23-12:21:43.787654 10f0df5c0  Options.max_write_buffer_number: 2
2019/04/23-12:21:43.787656 10f0df5c0          Options.compression: Snappy
2019/04/23-12:21:43.787658 10f0df5c0                  Options.bottommost_compression: Disabled
2019/04/23-12:21:43.787660 10f0df5c0       Options.prefix_extractor: nullptr
2019/04/23-12:21:43.787661 10f0df5c0   Options.memtable_insert_with_hint_prefix_extractor: nullptr
2019/04/23-12:21:43.787663 10f0df5c0             Options.num_levels: 7
2019/04/23-12:21:43.787664 10f0df5c0        Options.min_write_buffer_number_to_merge: 1
2019/04/23-12:21:43.787665 10f0df5c0     Options.max_write_buffer_number_to_maintain: 0
2019/04/23-12:21:43.787667 10f0df5c0            Options.compression_opts.window_bits: -14
2019/04/23-12:21:43.787668 10f0df5c0                  Options.compression_opts.level: -1
2019/04/23-12:21:43.787670 10f0df5c0               Options.compression_opts.strategy: 0
2019/04/23-12:21:43.787671 10f0df5c0         Options.compression_opts.max_dict_bytes: 0
2019/04/23-12:21:43.787673 10f0df5c0         Options.compression_opts.zstd_max_train_bytes: 0
2019/04/23-12:21:43.787674 10f0df5c0      Options.level0_file_num_compaction_trigger: 4
2019/04/23-12:21:43.787675 10f0df5c0          Options.level0_slowdown_writes_trigger: 20
2019/04/23-12:21:43.787677 10f0df5c0              Options.level0_stop_writes_trigger: 36
2019/04/23-12:21:43.787678 10f0df5c0                   Options.target_file_size_base: 67108864
2019/04/23-12:21:43.787680 10f0df5c0             Options.target_file_size_multiplier: 1
2019/04/23-12:21:43.787681 10f0df5c0                Options.max_bytes_for_level_base: 268435456
2019/04/23-12:21:43.787683 10f0df5c0 Options.level_compaction_dynamic_level_bytes: 0
2019/04/23-12:21:43.787684 10f0df5c0          Options.max_bytes_for_level_multiplier: 10.000000
2019/04/23-12:21:43.787687 10f0df5c0 Options.max_bytes_for_level_multiplier_addtl[0]: 1
2019/04/23-12:21:43.787688 10f0df5c0 Options.max_bytes_for_level_multiplier_addtl[1]: 1
2019/04/23-12:21:43.787690 10f0df5c0 Options.max_bytes_for_level_multiplier_addtl[2]: 1
2019/04/23-12:21:43.787691 10f0df5c0 Options.max_bytes_for_level_multiplier_addtl[3]: 1
2019/04/23-12:21:43.787693 10f0df5c0 Options.max_bytes_for_level_multiplier_addtl[4]: 1
2019/04/23-12:21:43.787694 10f0df5c0 Options.max_bytes_for_level_multiplier_addtl[5]: 1
2019/04/23-12:21:43.787696 10f0df5c0 Options.max_bytes_for_level_multiplier_addtl[6]: 1
2019/04/23-12:21:43.787697 10f0df5c0       Options.max_sequential_skip_in_iterations: 8
2019/04/23-12:21:43.787699 10f0df5c0                    Options.max_compaction_bytes: 1677721600
2019/04/23-12:21:43.787701 10f0df5c0                        Options.arena_block_size: 8388608
2019/04/23-12:21:43.787702 10f0df5c0   Options.soft_pending_compaction_bytes_limit: 68719476736
2019/04/23-12:21:43.787704 10f0df5c0   Options.hard_pending_compaction_bytes_limit: 274877906944
2019/04/23-12:21:43.787705 10f0df5c0       Options.rate_limit_delay_max_milliseconds: 100
2019/04/23-12:21:43.787707 10f0df5c0                Options.disable_auto_compactions: 0
2019/04/23-12:21:43.787709 10f0df5c0                        Options.compaction_style: kCompactionStyleLevel
2019/04/23-12:21:43.787712 10f0df5c0                          Options.compaction_pri: kByCompensatedSize
2019/04/23-12:21:43.787713 10f0df5c0 Options.compaction_options_universal.size_ratio: 1
2019/04/23-12:21:43.787715 10f0df5c0 Options.compaction_options_universal.min_merge_width: 2
2019/04/23-12:21:43.787737 10f0df5c0 Options.compaction_options_universal.max_merge_width: 4294967295
2019/04/23-12:21:43.787740 10f0df5c0 Options.compaction_options_universal.max_size_amplification_percent: 200
2019/04/23-12:21:43.787741 10f0df5c0 Options.compaction_options_universal.compression_size_percent: -1
2019/04/23-12:21:43.787744 10f0df5c0 Options.compaction_options_universal.stop_style: kCompactionStopStyleTotalSize
2019/04/23-12:21:43.787746 10f0df5c0 Options.compaction_options_fifo.max_table_files_size: 1073741824
2019/04/23-12:21:43.787747 10f0df5c0 Options.compaction_options_fifo.allow_compaction: 0
2019/04/23-12:21:43.787749 10f0df5c0 Options.compaction_options_fifo.ttl: 0
2019/04/23-12:21:43.787750 10f0df5c0                   Options.table_properties_collectors: 
2019/04/23-12:21:43.787752 10f0df5c0                   Options.inplace_update_support: 0
2019/04/23-12:21:43.787753 10f0df5c0                 Options.inplace_update_num_locks: 10000
2019/04/23-12:21:43.787755 10f0df5c0               Options.memtable_prefix_bloom_size_ratio: 0.000000
2019/04/23-12:21:43.787756 10f0df5c0   Options.memtable_huge_page_size: 0
2019/04/23-12:21:43.787758 10f0df5c0                           Options.bloom_locality: 0
2019/04/23-12:21:43.787759 10f0df5c0                    Options.max_successive_merges: 0
2019/04/23-12:21:43.787760 10f0df5c0                Options.optimize_filters_for_hits: 0
2019/04/23-12:21:43.787762 10f0df5c0                Options.paranoid_file_checks: 0
2019/04/23-12:21:43.787763 10f0df5c0                Options.force_consistency_checks: 0
2019/04/23-12:21:43.787765 10f0df5c0                Options.report_bg_io_stats: 0
2019/04/23-12:21:43.787766 10f0df5c0                               Options.ttl: 0
2019/04/23-12:21:43.787875 10f0df5c0 [/Users/luozhiwei/.cargo/registry/src/github.com-1ecc6299db9ec823/parity-rocksdb-sys-0.5.5/rocksdb/db/version_set.cc:3361] Recovered from manifest file:./storage/db/MANIFEST-000001 succeeded,manifest_file_number is 1, next_file_number is 3, last_sequence is 0, log_number is 0,prev_log_number is 0,max_column_family is 0,min_log_number_to_keep is 0
2019/04/23-12:21:43.787880 10f0df5c0 [/Users/luozhiwei/.cargo/registry/src/github.com-1ecc6299db9ec823/parity-rocksdb-sys-0.5.5/rocksdb/db/version_set.cc:3369] Column family [default] (ID 0), log number is 0
2019/04/23-12:21:43.788050 10f0df5c0 EVENT_LOG_v1 {"time_micros": 1555993303788034, "job": 1, "event": "recovery_started", "log_files": [3]}
2019/04/23-12:21:43.788062 10f0df5c0 [/Users/luozhiwei/.cargo/registry/src/github.com-1ecc6299db9ec823/parity-rocksdb-sys-0.5.5/rocksdb/db/db_impl_open.cc:551] Recovering log #3 mode 2
2019/04/23-12:21:43.788151 10f0df5c0 [/Users/luozhiwei/.cargo/registry/src/github.com-1ecc6299db9ec823/parity-rocksdb-sys-0.5.5/rocksdb/db/version_set.cc:2847] Creating manifest 5
2019/04/23-12:21:43.789846 10f0df5c0 EVENT_LOG_v1 {"time_micros": 1555993303789827, "job": 1, "event": "recovery_finished"}
2019/04/23-12:21:43.790820 10f0df5c0 [DEBUG] [/Users/luozhiwei/.cargo/registry/src/github.com-1ecc6299db9ec823/parity-rocksdb-sys-0.5.5/rocksdb/db/db_impl_files.cc:266] [JOB 2] Delete ./storage/db//MANIFEST-000001 type=3 #1 -- OK
2019/04/23-12:21:43.790945 10f0df5c0 [DEBUG] [/Users/luozhiwei/.cargo/registry/src/github.com-1ecc6299db9ec823/parity-rocksdb-sys-0.5.5/rocksdb/db/db_impl_files.cc:266] [JOB 2] Delete ./storage/db//000003.log type=0 #3 -- OK
2019/04/23-12:21:43.790953 10f0df5c0 [/Users/luozhiwei/.cargo/registry/src/github.com-1ecc6299db9ec823/parity-rocksdb-sys-0.5.5/rocksdb/db/db_impl_files.cc:477] [JOB 2] Delete info log file ./storage/db//LOG.old.1555993303785476
2019/04/23-12:21:43.799949 10f0df5c0 [/Users/luozhiwei/.cargo/registry/src/github.com-1ecc6299db9ec823/parity-rocksdb-sys-0.5.5/rocksdb/db/db_impl_open.cc:1219] DB pointer 0x7f8e18030000
2019/04/23-12:21:43.800380 10f0df5c0 [/Users/luozhiwei/.cargo/registry/src/github.com-1ecc6299db9ec823/parity-rocksdb-sys-0.5.5/rocksdb/db/column_family.cc:475] --------------- Options for column family [col0]:
2019/04/23-12:21:43.800386 10f0df5c0               Options.comparator: leveldb.BytewiseComparator
2019/04/23-12:21:43.800388 10f0df5c0           Options.merge_operator: None
2019/04/23-12:21:43.800389 10f0df5c0        Options.compaction_filter: None
2019/04/23-12:21:43.800390 10f0df5c0        Options.compaction_filter_factory: None
2019/04/23-12:21:43.800450 10f0df5c0         Options.memtable_factory: SkipListFactory
2019/04/23-12:21:43.800452 10f0df5c0            Options.table_factory: BlockBasedTable
2019/04/23-12:21:43.800475 10f0df5c0            table_factory options:   flush_block_policy_factory: FlushBlockBySizePolicyFactory (0x7f8e17524590)
  cache_index_and_filter_blocks: 1
  cache_index_and_filter_blocks_with_high_priority: 0
  pin_l0_filter_and_index_blocks_in_cache: 1
  index_type: 0
  hash_index_allow_collision: 1
  checksum: 1
  no_block_cache: 0
  block_cache: 0x7f8e17733e68
  block_cache_name: LRUCache
  block_cache_options:
    capacity : 44739242
    num_shard_bits : 6
    strict_capacity_limit : 0
    high_pri_pool_ratio: 0.000
  block_cache_compressed: 0x0
  persistent_cache: 0x0
  block_size: 16384
  block_size_deviation: 10
  block_restart_interval: 16
  index_block_restart_interval: 1
  metadata_block_size: 4096
  partition_filters: 0
  use_delta_encoding: 1
  filter_policy: nullptr
  whole_key_filtering: 1
  verify_compression: 0
  read_amp_bytes_per_bit: 0
  format_version: 2
  enable_index_compression: 1
  block_align: 0
2019/04/23-12:21:43.800483 10f0df5c0        Options.write_buffer_size: 2396745
2019/04/23-12:21:43.800485 10f0df5c0  Options.max_write_buffer_number: 6
2019/04/23-12:21:43.800487 10f0df5c0          Options.compression: Snappy
2019/04/23-12:21:43.800488 10f0df5c0                  Options.bottommost_compression: Disabled
2019/04/23-12:21:43.800490 10f0df5c0       Options.prefix_extractor: nullptr
2019/04/23-12:21:43.800491 10f0df5c0   Options.memtable_insert_with_hint_prefix_extractor: nullptr
2019/04/23-12:21:43.800492 10f0df5c0             Options.num_levels: 7
2019/04/23-12:21:43.800493 10f0df5c0        Options.min_write_buffer_number_to_merge: 2
2019/04/23-12:21:43.800495 10f0df5c0     Options.max_write_buffer_number_to_maintain: 0
2019/04/23-12:21:43.800496 10f0df5c0            Options.compression_opts.window_bits: -14
2019/04/23-12:21:43.800498 10f0df5c0                  Options.compression_opts.level: -1
2019/04/23-12:21:43.800499 10f0df5c0               Options.compression_opts.strategy: 0
2019/04/23-12:21:43.800501 10f0df5c0         Options.compression_opts.max_dict_bytes: 0
2019/04/23-12:21:43.800502 10f0df5c0         Options.compression_opts.zstd_max_train_bytes: 0
2019/04/23-12:21:43.800503 10f0df5c0      Options.level0_file_num_compaction_trigger: 2
2019/04/23-12:21:43.800505 10f0df5c0          Options.level0_slowdown_writes_trigger: 20
2019/04/23-12:21:43.800506 10f0df5c0              Options.level0_stop_writes_trigger: 36
2019/04/23-12:21:43.800508 10f0df5c0                   Options.target_file_size_base: 67108864
2019/04/23-12:21:43.800510 10f0df5c0             Options.target_file_size_multiplier: 1
2019/04/23-12:21:43.800511 10f0df5c0                Options.max_bytes_for_level_base: 9586980
2019/04/23-12:21:43.800513 10f0df5c0 Options.level_compaction_dynamic_level_bytes: 1
2019/04/23-12:21:43.800515 10f0df5c0          Options.max_bytes_for_level_multiplier: 10.000000
2019/04/23-12:21:43.800517 10f0df5c0 Options.max_bytes_for_level_multiplier_addtl[0]: 1
2019/04/23-12:21:43.800519 10f0df5c0 Options.max_bytes_for_level_multiplier_addtl[1]: 1
2019/04/23-12:21:43.800521 10f0df5c0 Options.max_bytes_for_level_multiplier_addtl[2]: 1
2019/04/23-12:21:43.800523 10f0df5c0 Options.max_bytes_for_level_multiplier_addtl[3]: 1
2019/04/23-12:21:43.800524 10f0df5c0 Options.max_bytes_for_level_multiplier_addtl[4]: 1
2019/04/23-12:21:43.800526 10f0df5c0 Options.max_bytes_for_level_multiplier_addtl[5]: 1
2019/04/23-12:21:43.800562 10f0df5c0 Options.max_bytes_for_level_multiplier_addtl[6]: 1
2019/04/23-12:21:43.800564 10f0df5c0       Options.max_sequential_skip_in_iterations: 8
2019/04/23-12:21:43.800566 10f0df5c0                    Options.max_compaction_bytes: 1677721600
2019/04/23-12:21:43.800568 10f0df5c0                        Options.arena_block_size: 303104
2019/04/23-12:21:43.800569 10f0df5c0   Options.soft_pending_compaction_bytes_limit: 68719476736
2019/04/23-12:21:43.800571 10f0df5c0   Options.hard_pending_compaction_bytes_limit: 274877906944
2019/04/23-12:21:43.800572 10f0df5c0       Options.rate_limit_delay_max_milliseconds: 100
2019/04/23-12:21:43.800574 10f0df5c0                Options.disable_auto_compactions: 0
2019/04/23-12:21:43.800577 10f0df5c0                        Options.compaction_style: kCompactionStyleLevel
2019/04/23-12:21:43.800580 10f0df5c0                          Options.compaction_pri: kByCompensatedSize
2019/04/23-12:21:43.800581 10f0df5c0 Options.compaction_options_universal.size_ratio: 1
2019/04/23-12:21:43.800583 10f0df5c0 Options.compaction_options_universal.min_merge_width: 2
2019/04/23-12:21:43.800584 10f0df5c0 Options.compaction_options_universal.max_merge_width: 4294967295
2019/04/23-12:21:43.800585 10f0df5c0 Options.compaction_options_universal.max_size_amplification_percent: 200
2019/04/23-12:21:43.800587 10f0df5c0 Options.compaction_options_universal.compression_size_percent: -1
2019/04/23-12:21:43.800590 10f0df5c0 Options.compaction_options_universal.stop_style: kCompactionStopStyleTotalSize
2019/04/23-12:21:43.800591 10f0df5c0 Options.compaction_options_fifo.max_table_files_size: 1073741824
2019/04/23-12:21:43.800593 10f0df5c0 Options.compaction_options_fifo.allow_compaction: 0
2019/04/23-12:21:43.800594 10f0df5c0 Options.compaction_options_fifo.ttl: 0
2019/04/23-12:21:43.800595 10f0df5c0                   Options.table_properties_collectors: 
2019/04/23-12:21:43.800597 10f0df5c0                   Options.inplace_update_support: 0
2019/04/23-12:21:43.800598 10f0df5c0                 Options.inplace_update_num_locks: 10000
2019/04/23-12:21:43.800600 10f0df5c0               Options.memtable_prefix_bloom_size_ratio: 0.000000
2019/04/23-12:21:43.800602 10f0df5c0   Options.memtable_huge_page_size: 0
2019/04/23-12:21:43.800603 10f0df5c0                           Options.bloom_locality: 0
2019/04/23-12:21:43.800604 10f0df5c0                    Options.max_successive_merges: 0
2019/04/23-12:21:43.800606 10f0df5c0                Options.optimize_filters_for_hits: 0
2019/04/23-12:21:43.800607 10f0df5c0                Options.paranoid_file_checks: 0
2019/04/23-12:21:43.800609 10f0df5c0                Options.force_consistency_checks: 0
2019/04/23-12:21:43.800610 10f0df5c0                Options.report_bg_io_stats: 0
2019/04/23-12:21:43.800612 10f0df5c0                               Options.ttl: 0
2019/04/23-12:21:43.800710 10f0df5c0 [/Users/luozhiwei/.cargo/registry/src/github.com-1ecc6299db9ec823/parity-rocksdb-sys-0.5.5/rocksdb/db/db_impl.cc:1396] Created column family [col0] (ID 1)
2019/04/23-12:21:43.815129 10f0df5c0 [/Users/luozhiwei/.cargo/registry/src/github.com-1ecc6299db9ec823/parity-rocksdb-sys-0.5.5/rocksdb/db/column_family.cc:475] --------------- Options for column family [col1]:
2019/04/23-12:21:43.815136 10f0df5c0               Options.comparator: leveldb.BytewiseComparator
2019/04/23-12:21:43.815138 10f0df5c0           Options.merge_operator: None
2019/04/23-12:21:43.815140 10f0df5c0        Options.compaction_filter: None
2019/04/23-12:21:43.815141 10f0df5c0        Options.compaction_filter_factory: None
2019/04/23-12:21:43.815142 10f0df5c0         Options.memtable_factory: SkipListFactory
2019/04/23-12:21:43.815144 10f0df5c0            Options.table_factory: BlockBasedTable
2019/04/23-12:21:43.815170 10f0df5c0            table_factory options:   flush_block_policy_factory: FlushBlockBySizePolicyFactory (0x7f8e1774d770)
  cache_index_and_filter_blocks: 1
  cache_index_and_filter_blocks_with_high_priority: 0
  pin_l0_filter_and_index_blocks_in_cache: 1
  index_type: 0
  hash_index_allow_collision: 1
  checksum: 1
  no_block_cache: 0
  block_cache: 0x7f8e17733e68
  block_cache_name: LRUCache
  block_cache_options:
    capacity : 44739242
    num_shard_bits : 6
    strict_capacity_limit : 0
    high_pri_pool_ratio: 0.000
  block_cache_compressed: 0x0
  persistent_cache: 0x0
  block_size: 16384
  block_size_deviation: 10
  block_restart_interval: 16
  index_block_restart_interval: 1
  metadata_block_size: 4096
  partition_filters: 0
  use_delta_encoding: 1
  filter_policy: nullptr
  whole_key_filtering: 1
  verify_compression: 0
  read_amp_bytes_per_bit: 0
  format_version: 2
  enable_index_compression: 1
  block_align: 0
2019/04/23-12:21:43.815180 10f0df5c0        Options.write_buffer_size: 2396745
2019/04/23-12:21:43.815182 10f0df5c0  Options.max_write_buffer_number: 6
2019/04/23-12:21:43.815184 10f0df5c0          Options.compression: Snappy
2019/04/23-12:21:43.815186 10f0df5c0                  Options.bottommost_compression: Disabled
2019/04/23-12:21:43.815187 10f0df5c0       Options.prefix_extractor: nullptr
2019/04/23-12:21:43.815189 10f0df5c0   Options.memtable_insert_with_hint_prefix_extractor: nullptr
2019/04/23-12:21:43.815190 10f0df5c0             Options.num_levels: 7
2019/04/23-12:21:43.815191 10f0df5c0        Options.min_write_buffer_number_to_merge: 2
2019/04/23-12:21:43.815193 10f0df5c0     Options.max_write_buffer_number_to_maintain: 0
2019/04/23-12:21:43.815194 10f0df5c0            Options.compression_opts.window_bits: -14
2019/04/23-12:21:43.815196 10f0df5c0                  Options.compression_opts.level: -1
2019/04/23-12:21:43.815197 10f0df5c0               Options.compression_opts.strategy: 0
2019/04/23-12:21:43.815549 10f0df5c0         Options.compression_opts.max_dict_bytes: 0
2019/04/23-12:21:43.815553 10f0df5c0         Options.compression_opts.zstd_max_train_bytes: 0
2019/04/23-12:21:43.815554 10f0df5c0      Options.level0_file_num_compaction_trigger: 2
2019/04/23-12:21:43.815556 10f0df5c0          Options.level0_slowdown_writes_trigger: 20
2019/04/23-12:21:43.815557 10f0df5c0              Options.level0_stop_writes_trigger: 36
2019/04/23-12:21:43.815558 10f0df5c0                   Options.target_file_size_base: 67108864
2019/04/23-12:21:43.815560 10f0df5c0             Options.target_file_size_multiplier: 1
2019/04/23-12:21:43.815561 10f0df5c0                Options.max_bytes_for_level_base: 9586980
2019/04/23-12:21:43.815562 10f0df5c0 Options.level_compaction_dynamic_level_bytes: 1
2019/04/23-12:21:43.815564 10f0df5c0          Options.max_bytes_for_level_multiplier: 10.000000
2019/04/23-12:21:43.815566 10f0df5c0 Options.max_bytes_for_level_multiplier_addtl[0]: 1
2019/04/23-12:21:43.815568 10f0df5c0 Options.max_bytes_for_level_multiplier_addtl[1]: 1
2019/04/23-12:21:43.815569 10f0df5c0 Options.max_bytes_for_level_multiplier_addtl[2]: 1
2019/04/23-12:21:43.815571 10f0df5c0 Options.max_bytes_for_level_multiplier_addtl[3]: 1
2019/04/23-12:21:43.815572 10f0df5c0 Options.max_bytes_for_level_multiplier_addtl[4]: 1
2019/04/23-12:21:43.815573 10f0df5c0 Options.max_bytes_for_level_multiplier_addtl[5]: 1
2019/04/23-12:21:43.815605 10f0df5c0 Options.max_bytes_for_level_multiplier_addtl[6]: 1
2019/04/23-12:21:43.815607 10f0df5c0       Options.max_sequential_skip_in_iterations: 8
2019/04/23-12:21:43.815608 10f0df5c0                    Options.max_compaction_bytes: 1677721600
2019/04/23-12:21:43.815610 10f0df5c0                        Options.arena_block_size: 303104
2019/04/23-12:21:43.815611 10f0df5c0   Options.soft_pending_compaction_bytes_limit: 68719476736
2019/04/23-12:21:43.815612 10f0df5c0   Options.hard_pending_compaction_bytes_limit: 274877906944
2019/04/23-12:21:43.815614 10f0df5c0       Options.rate_limit_delay_max_milliseconds: 100
2019/04/23-12:21:43.815615 10f0df5c0                Options.disable_auto_compactions: 0
2019/04/23-12:21:43.815618 10f0df5c0                        Options.compaction_style: kCompactionStyleLevel
2019/04/23-12:21:43.815621 10f0df5c0                          Options.compaction_pri: kByCompensatedSize
2019/04/23-12:21:43.815622 10f0df5c0 Options.compaction_options_universal.size_ratio: 1
2019/04/23-12:21:43.815623 10f0df5c0 Options.compaction_options_universal.min_merge_width: 2
2019/04/23-12:21:43.815625 10f0df5c0 Options.compaction_options_universal.max_merge_width: 4294967295
2019/04/23-12:21:43.815626 10f0df5c0 Options.compaction_options_universal.max_size_amplification_percent: 200
2019/04/23-12:21:43.815627 10f0df5c0 Options.compaction_options_universal.compression_size_percent: -1
2019/04/23-12:21:43.815630 10f0df5c0 Options.compaction_options_universal.stop_style: kCompactionStopStyleTotalSize
2019/04/23-12:21:43.815632 10f0df5c0 Options.compaction_options_fifo.max_table_files_size: 1073741824
2019/04/23-12:21:43.815633 10f0df5c0 Options.compaction_options_fifo.allow_compaction: 0
2019/04/23-12:21:43.815634 10f0df5c0 Options.compaction_options_fifo.ttl: 0
2019/04/23-12:21:43.815635 10f0df5c0                   Options.table_properties_collectors: 
2019/04/23-12:21:43.815637 10f0df5c0                   Options.inplace_update_support: 0
2019/04/23-12:21:43.815638 10f0df5c0                 Options.inplace_update_num_locks: 10000
2019/04/23-12:21:43.815639 10f0df5c0               Options.memtable_prefix_bloom_size_ratio: 0.000000
2019/04/23-12:21:43.815640 10f0df5c0   Options.memtable_huge_page_size: 0
2019/04/23-12:21:43.815641 10f0df5c0                           Options.bloom_locality: 0
2019/04/23-12:21:43.815643 10f0df5c0                    Options.max_successive_merges: 0
2019/04/23-12:21:43.815644 10f0df5c0                Options.optimize_filters_for_hits: 0
2019/04/23-12:21:43.815645 10f0df5c0                Options.paranoid_file_checks: 0
2019/04/23-12:21:43.815646 10f0df5c0                Options.force_consistency_checks: 0
2019/04/23-12:21:43.815648 10f0df5c0                Options.report_bg_io_stats: 0
2019/04/23-12:21:43.815649 10f0df5c0                               Options.ttl: 0
2019/04/23-12:21:43.815763 10f0df5c0 [/Users/luozhiwei/.cargo/registry/src/github.com-1ecc6299db9ec823/parity-rocksdb-sys-0.5.5/rocksdb/db/db_impl.cc:1396] Created column family [col1] (ID 2)
2019/04/23-12:21:43.843890 10f0df5c0 [/Users/luozhiwei/.cargo/registry/src/github.com-1ecc6299db9ec823/parity-rocksdb-sys-0.5.5/rocksdb/db/column_family.cc:475] --------------- Options for column family [col2]:
2019/04/23-12:21:43.843897 10f0df5c0               Options.comparator: leveldb.BytewiseComparator
2019/04/23-12:21:43.843899 10f0df5c0           Options.merge_operator: None
2019/04/23-12:21:43.843900 10f0df5c0        Options.compaction_filter: None
2019/04/23-12:21:43.843902 10f0df5c0        Options.compaction_filter_factory: None
2019/04/23-12:21:43.843903 10f0df5c0         Options.memtable_factory: SkipListFactory
2019/04/23-12:21:43.843905 10f0df5c0            Options.table_factory: BlockBasedTable
2019/04/23-12:21:43.843933 10f0df5c0            table_factory options:   flush_block_policy_factory: FlushBlockBySizePolicyFactory (0x7f8e17508260)
  cache_index_and_filter_blocks: 1
  cache_index_and_filter_blocks_with_high_priority: 0
  pin_l0_filter_and_index_blocks_in_cache: 1
  index_type: 0
  hash_index_allow_collision: 1
  checksum: 1
  no_block_cache: 0
  block_cache: 0x7f8e17733e68
  block_cache_name: LRUCache
  block_cache_options:
    capacity : 44739242
    num_shard_bits : 6
    strict_capacity_limit : 0
    high_pri_pool_ratio: 0.000
  block_cache_compressed: 0x0
  persistent_cache: 0x0
  block_size: 16384
  block_size_deviation: 10
  block_restart_interval: 16
  index_block_restart_interval: 1
  metadata_block_size: 4096
  partition_filters: 0
  use_delta_encoding: 1
  filter_policy: nullptr
  whole_key_filtering: 1
  verify_compression: 0
  read_amp_bytes_per_bit: 0
  format_version: 2
  enable_index_compression: 1
  block_align: 0
2019/04/23-12:21:43.843938 10f0df5c0        Options.write_buffer_size: 2396745
2019/04/23-12:21:43.843940 10f0df5c0  Options.max_write_buffer_number: 6
2019/04/23-12:21:43.843942 10f0df5c0          Options.compression: Snappy
2019/04/23-12:21:43.843944 10f0df5c0                  Options.bottommost_compression: Disabled
2019/04/23-12:21:43.843945 10f0df5c0       Options.prefix_extractor: nullptr
2019/04/23-12:21:43.843946 10f0df5c0   Options.memtable_insert_with_hint_prefix_extractor: nullptr
2019/04/23-12:21:43.843948 10f0df5c0             Options.num_levels: 7
2019/04/23-12:21:43.843949 10f0df5c0        Options.min_write_buffer_number_to_merge: 2
2019/04/23-12:21:43.843951 10f0df5c0     Options.max_write_buffer_number_to_maintain: 0
2019/04/23-12:21:43.843952 10f0df5c0            Options.compression_opts.window_bits: -14
2019/04/23-12:21:43.843954 10f0df5c0                  Options.compression_opts.level: -1
2019/04/23-12:21:43.843956 10f0df5c0               Options.compression_opts.strategy: 0
2019/04/23-12:21:43.843958 10f0df5c0         Options.compression_opts.max_dict_bytes: 0
2019/04/23-12:21:43.843959 10f0df5c0         Options.compression_opts.zstd_max_train_bytes: 0
2019/04/23-12:21:43.843961 10f0df5c0      Options.level0_file_num_compaction_trigger: 2
2019/04/23-12:21:43.843963 10f0df5c0          Options.level0_slowdown_writes_trigger: 20
2019/04/23-12:21:43.843965 10f0df5c0              Options.level0_stop_writes_trigger: 36
2019/04/23-12:21:43.843966 10f0df5c0                   Options.target_file_size_base: 67108864
2019/04/23-12:21:43.843968 10f0df5c0             Options.target_file_size_multiplier: 1
2019/04/23-12:21:43.843969 10f0df5c0                Options.max_bytes_for_level_base: 9586980
2019/04/23-12:21:43.843970 10f0df5c0 Options.level_compaction_dynamic_level_bytes: 1
2019/04/23-12:21:43.843972 10f0df5c0          Options.max_bytes_for_level_multiplier: 10.000000
2019/04/23-12:21:43.843974 10f0df5c0 Options.max_bytes_for_level_multiplier_addtl[0]: 1
2019/04/23-12:21:43.843976 10f0df5c0 Options.max_bytes_for_level_multiplier_addtl[1]: 1
2019/04/23-12:21:43.843977 10f0df5c0 Options.max_bytes_for_level_multiplier_addtl[2]: 1
2019/04/23-12:21:43.843979 10f0df5c0 Options.max_bytes_for_level_multiplier_addtl[3]: 1
2019/04/23-12:21:43.843980 10f0df5c0 Options.max_bytes_for_level_multiplier_addtl[4]: 1
2019/04/23-12:21:43.843981 10f0df5c0 Options.max_bytes_for_level_multiplier_addtl[5]: 1
2019/04/23-12:21:43.844012 10f0df5c0 Options.max_bytes_for_level_multiplier_addtl[6]: 1
2019/04/23-12:21:43.844013 10f0df5c0       Options.max_sequential_skip_in_iterations: 8
2019/04/23-12:21:43.844014 10f0df5c0                    Options.max_compaction_bytes: 1677721600
2019/04/23-12:21:43.844015 10f0df5c0                        Options.arena_block_size: 303104
2019/04/23-12:21:43.844016 10f0df5c0   Options.soft_pending_compaction_bytes_limit: 68719476736
2019/04/23-12:21:43.844017 10f0df5c0   Options.hard_pending_compaction_bytes_limit: 274877906944
2019/04/23-12:21:43.844018 10f0df5c0       Options.rate_limit_delay_max_milliseconds: 100
2019/04/23-12:21:43.844020 10f0df5c0                Options.disable_auto_compactions: 0
2019/04/23-12:21:43.844023 10f0df5c0                        Options.compaction_style: kCompactionStyleLevel
2019/04/23-12:21:43.844045 10f0df5c0                          Options.compaction_pri: kByCompensatedSize
2019/04/23-12:21:43.844049 10f0df5c0 Options.compaction_options_universal.size_ratio: 1
2019/04/23-12:21:43.844051 10f0df5c0 Options.compaction_options_universal.min_merge_width: 2
2019/04/23-12:21:43.844052 10f0df5c0 Options.compaction_options_universal.max_merge_width: 4294967295
2019/04/23-12:21:43.844054 10f0df5c0 Options.compaction_options_universal.max_size_amplification_percent: 200
2019/04/23-12:21:43.844071 10f0df5c0 Options.compaction_options_universal.compression_size_percent: -1
2019/04/23-12:21:43.844077 10f0df5c0 Options.compaction_options_universal.stop_style: kCompactionStopStyleTotalSize
2019/04/23-12:21:43.844079 10f0df5c0 Options.compaction_options_fifo.max_table_files_size: 1073741824
2019/04/23-12:21:43.844080 10f0df5c0 Options.compaction_options_fifo.allow_compaction: 0
2019/04/23-12:21:43.844082 10f0df5c0 Options.compaction_options_fifo.ttl: 0
2019/04/23-12:21:43.844083 10f0df5c0                   Options.table_properties_collectors: 
2019/04/23-12:21:43.844085 10f0df5c0                   Options.inplace_update_support: 0
2019/04/23-12:21:43.844086 10f0df5c0                 Options.inplace_update_num_locks: 10000
2019/04/23-12:21:43.844088 10f0df5c0               Options.memtable_prefix_bloom_size_ratio: 0.000000
2019/04/23-12:21:43.844090 10f0df5c0   Options.memtable_huge_page_size: 0
2019/04/23-12:21:43.844091 10f0df5c0                           Options.bloom_locality: 0
2019/04/23-12:21:43.844092 10f0df5c0                    Options.max_successive_merges: 0
2019/04/23-12:21:43.844094 10f0df5c0                Options.optimize_filters_for_hits: 0
2019/04/23-12:21:43.844095 10f0df5c0                Options.paranoid_file_checks: 0
2019/04/23-12:21:43.844097 10f0df5c0                Options.force_consistency_checks: 0
2019/04/23-12:21:43.844098 10f0df5c0                Options.report_bg_io_stats: 0
2019/04/23-12:21:43.844099 10f0df5c0                               Options.ttl: 0
2019/04/23-12:21:43.844217 10f0df5c0 [/Users/luozhiwei/.cargo/registry/src/github.com-1ecc6299db9ec823/parity-rocksdb-sys-0.5.5/rocksdb/db/db_impl.cc:1396] Created column family [col2] (ID 3)
2019/04/23-12:21:43.866835 10f0df5c0 [/Users/luozhiwei/.cargo/registry/src/github.com-1ecc6299db9ec823/parity-rocksdb-sys-0.5.5/rocksdb/db/column_family.cc:475] --------------- Options for column family [col3]:
2019/04/23-12:21:43.866841 10f0df5c0               Options.comparator: leveldb.BytewiseComparator
2019/04/23-12:21:43.866844 10f0df5c0           Options.merge_operator: None
2019/04/23-12:21:43.866845 10f0df5c0        Options.compaction_filter: None
2019/04/23-12:21:43.866847 10f0df5c0        Options.compaction_filter_factory: None
2019/04/23-12:21:43.866848 10f0df5c0         Options.memtable_factory: SkipListFactory
2019/04/23-12:21:43.866850 10f0df5c0            Options.table_factory: BlockBasedTable
2019/04/23-12:21:43.866874 10f0df5c0            table_factory options:   flush_block_policy_factory: FlushBlockBySizePolicyFactory (0x7f8e1774eb50)
  cache_index_and_filter_blocks: 1
  cache_index_and_filter_blocks_with_high_priority: 0
  pin_l0_filter_and_index_blocks_in_cache: 1
  index_type: 0
  hash_index_allow_collision: 1
  checksum: 1
  no_block_cache: 0
  block_cache: 0x7f8e17733e68
  block_cache_name: LRUCache
  block_cache_options:
    capacity : 44739242
    num_shard_bits : 6
    strict_capacity_limit : 0
    high_pri_pool_ratio: 0.000
  block_cache_compressed: 0x0
  persistent_cache: 0x0
  block_size: 16384
  block_size_deviation: 10
  block_restart_interval: 16
  index_block_restart_interval: 1
  metadata_block_size: 4096
  partition_filters: 0
  use_delta_encoding: 1
  filter_policy: nullptr
  whole_key_filtering: 1
  verify_compression: 0
  read_amp_bytes_per_bit: 0
  format_version: 2
  enable_index_compression: 1
  block_align: 0
2019/04/23-12:21:43.866879 10f0df5c0        Options.write_buffer_size: 2396745
2019/04/23-12:21:43.866881 10f0df5c0  Options.max_write_buffer_number: 6
2019/04/23-12:21:43.866884 10f0df5c0          Options.compression: Snappy
2019/04/23-12:21:43.866885 10f0df5c0                  Options.bottommost_compression: Disabled
2019/04/23-12:21:43.866887 10f0df5c0       Options.prefix_extractor: nullptr
